car,charge_time,charger_fid,charger_id,destination_fid,from_charger_id,kind,last_charger_id,msg,t,to_charger_id,waited,walking_dist_m
Car 0,,,,82,,arrived,,arrived,29.10207767585672,,,
Car 0,,91,8,,,start_charge,,starting to charge at Charger 8 (fid=91),29.10207767585672,,0.0,
Car 1,,,,75,,arrived,,arrived,47.60040502569978,,,
Car 1,,3,9,,,start_charge,,starting to charge at Charger 9 (fid=3),47.60040502569978,,0.0,
Car 2,,,,1,,arrived,,arrived,49.31724253918361,,,
Car 2,,1,6,,,start_charge,,starting to charge at Charger 6 (fid=1),49.31724253918361,,0.0,
Car 3,,,,50,,arrived,,arrived,60.027102893104264,,,
Car 3,,3,9,,,start_charge,,starting to charge at Charger 9 (fid=3),60.027102893104264,,0.0,
Car 4,,,,36,,arrived,,arrived,75.69728897667947,,,
Car 4,,308440,0,,,start_charge,,starting to charge at Charger 0 (fid=308440),75.69728897667947,,0.0,
Car 2,49.0,1,6,,,done,,done charging,98.31724253918361,,,44.57383313613112
Car 5,,,,30,,arrived,,arrived,99.76911377302605,,,
Car 5,,308440,0,,,start_charge,,starting to charge at Charger 0 (fid=308440),99.76911377302605,,0.0,
Car 6,,,,73,,arrived,,arrived,142.3896223244305,,,
Car 6,,5,5,,,start_charge,,starting to charge at Charger 5 (fid=5),142.3896223244305,,0.0,
Car 5,47.0,308440,0,,,done,,done charging,146.76911377302605,,,135.6181282481665
Car 0,118.0,91,8,,,done,,done charging,147.10207767585672,,,114.33957705772332
Car 7,,,,21,,arrived,,arrived,148.2152554238667,,,
Car 7,,307904,2,,,start_charge,,starting to charge at Charger 2 (fid=307904),148.2152554238667,,0.0,
Car 1,107.0,3,9,,,done,,done charging,154.60040502569979,,,285.83423461119764
Car 8,,,,68,,arrived,,arrived,165.58383810587358,,,
Car 8,,308440,0,,,start_charge,,starting to charge at Charger 0 (fid=308440),165.58383810587358,,0.0,
Car 4,92.0,308440,0,,,done,,done charging,167.6972889766795,,,170.52989220743032
Car 3,120.0,3,9,,,done,,done charging,180.02710289310426,,,259.51105596595494
Car 9,,,,58,,arrived,,arrived,196.36188514031824,,,
Car 9,,2,7,,,start_charge,,starting to charge at Charger 7 (fid=2),196.36188514031824,,0.0,
Car 6,70.0,5,5,,,done,,done charging,212.3896223244305,,,205.3404214863495
Car 10,,,,66,,arrived,,arrived,226.20839015627942,,,
Car 10,,3,9,,,start_charge,,starting to charge at Charger 9 (fid=3),226.20839015627942,,0.0,
Car 11,,,,87,,arrived,,arrived,228.1149289897562,,,
Car 11,,91,8,,,start_charge,,starting to charge at Charger 8 (fid=91),228.1149289897562,,0.0,
Car 7,97.0,307904,2,,,done,,done charging,245.2152554238667,,,174.17594233762279
Car 12,,,,118,,arrived,,arrived,264.8403864699182,,,
Car 12,,307904,2,,,start_charge,,starting to charge at Charger 2 (fid=307904),264.8403864699182,,0.0,
Car 9,69.0,2,7,,,done,,done charging,265.36188514031824,,,153.93833589666082
Car 13,,,,78,,arrived,,arrived,272.2983131733166,,,
Car 13,,5,5,,,start_charge,,starting to charge at Charger 5 (fid=5),272.2983131733166,,0.0,
Car 8,114.0,308440,0,,,done,,done charging,279.5838381058736,,,46.13370440893304
Car 14,,,,46,,arrived,,arrived,283.78948995732094,,,
Car 14,,308702,1,,,start_charge,,starting to charge at Charger 1 (fid=308702),283.78948995732094,,0.0,
Car 11,56.0,91,8,,,done,,done charging,284.1149289897562,,,95.48681310494425
Car 10,78.0,3,9,,,done,,done charging,304.2083901562794,,,332.1682651696135
Car 15,,,,74,,arrived,,arrived,311.57909254584524,,,
Car 16,,,,8,,arrived,,arrived,315.9312632663101,,,
Car 16,,5,5,,,start_charge,,starting to charge at Charger 5 (fid=5),315.9312632663101,,0.0,
Car 15,,,,,2,switch,,"Charger 2 (fid=307904) not available, trying Charger 3 (fid=307905)",316.57909254584524,3,,
Car 15,,307905,3,,,start_charge,,starting to charge at Charger 3 (fid=307905),316.8427187274093,,5.0,
Car 17,,,,60,,arrived,,arrived,333.21690992989704,,,
Car 17,,3,9,,,start_charge,,starting to charge at Charger 9 (fid=3),333.21690992989704,,0.0,
Car 18,,,,83,,arrived,,arrived,340.9231044773207,,,
Car 18,,,,,2,switch,,"Charger 2 (fid=307904) not available, trying Charger 3 (fid=307905)",345.9231044773207,3,,
Car 19,,,,52,,arrived,,arrived,348.2019185766788,,,
Car 19,,1,6,,,start_charge,,starting to charge at Charger 6 (fid=1),348.2019185766788,,0.0,
Car 20,,,,54,,arrived,,arrived,348.3074429909384,,,
Car 20,,308440,0,,,start_charge,,starting to charge at Charger 0 (fid=308440),348.3074429909384,,0.0,
Car 18,,,,,3,switch,,"Charger 3 (fid=307905) not available, trying Charger 6 (fid=1)",351.18673065888476,6,,
Car 12,87.0,307904,2,,,done,,done charging,351.8403864699182,,,270.0692311370492
Car 18,,1,6,,,start_charge,,starting to charge at Charger 6 (fid=1),352.3929210518261,,10.0,
Car 14,77.0,308702,1,,,done,,done charging,360.78948995732094,,,141.9503146929267
Car 13,91.0,5,5,,,done,,done charging,363.2983131733166,,,300.57951438577317
Car 21,,,,115,,arrived,,arrived,365.5880755314859,,,
Car 21,,308440,0,,,start_charge,,starting to charge at Charger 0 (fid=308440),365.5880755314859,,0.0,
Car 22,,,,63,,arrived,,arrived,365.62682245175637,,,
Car 22,,5,5,,,start_charge,,starting to charge at Charger 5 (fid=5),365.62682245175637,,0.0,
Car 23,,,,61,,arrived,,arrived,371.82972268793606,,,
Car 23,,3,9,,,start_charge,,starting to charge at Charger 9 (fid=3),371.82972268793606,,0.0,
Car 24,,,,37,,arrived,,arrived,372.0524591928292,,,
Car 15,57.0,307905,3,,,done,,done charging,373.8427187274093,,,286.01797827067844
Car 24,,,,,5,switch,,"Charger 5 (fid=5) not available, trying Charger 1 (fid=308702)",377.0524591928292,1,,
Car 25,,,,8,,arrived,,arrived,377.47101370880796,,,
Car 26,,,,18,,arrived,,arrived,380.13492106954885,,,
Car 24,,308702,1,,,start_charge,,starting to charge at Charger 1 (fid=308702),380.60757255024913,,5.0,
Car 25,,,,,5,switch,,"Charger 5 (fid=5) not available, trying Charger 1 (fid=308702)",382.47101370880796,1,,
Car 17,50.0,3,9,,,done,,done charging,383.21690992989704,,,250.00603750409743
Car 26,,,,,0,switch,,"Charger 0 (fid=308440) not available, trying Charger 2 (fid=307904)",385.13492106954885,2,,
Car 25,,308702,1,,,start_charge,,starting to charge at Charger 1 (fid=308702),386.0261270662279,,5.0,
Car 27,,,,35,,arrived,,arrived,386.7127448467706,,,
Car 26,,307904,2,,,start_charge,,starting to charge at Charger 2 (fid=307904),389.47140856844214,,5.0,
Car 27,,,,,0,switch,,"Charger 0 (fid=308440) not available, trying Charger 2 (fid=307904)",391.7127448467706,2,,
Car 28,,,,38,,arrived,,arrived,395.31418781106044,,,
Car 16,82.0,5,5,,,done,,done charging,397.9312632663101,,,244.51614937031866
Car 28,,5,5,,,start_charge,,starting to charge at Charger 5 (fid=5),397.9312632663101,,2.617075455249676,
Car 29,,,,11,,arrived,,arrived,398.09513112742195,,,
Car 27,,,,,2,switch,,"Charger 2 (fid=307904) not available, trying Charger 3 (fid=307905)",401.0492323456639,3,,
Car 30,,,,85,,arrived,,arrived,401.14139292602647,,,
Car 30,,91,8,,,start_charge,,starting to charge at Charger 8 (fid=91),401.14139292602647,,0.0,
Car 27,,307905,3,,,start_charge,,starting to charge at Charger 3 (fid=307905),401.31285852722795,,10.0,
Car 29,,,,,0,switch,,"Charger 0 (fid=308440) not available, trying Charger 5 (fid=5)",403.09513112742195,5,,
Car 31,,,,1,,arrived,,arrived,408.0169631883256,,,
Car 32,,,,2,,arrived,,arrived,408.28689079753457,,,
Car 32,,2,7,,,start_charge,,starting to charge at Charger 7 (fid=2),408.28689079753457,,0.0,
Car 33,,,,57,,arrived,,arrived,410.6569394877699,,,
Car 31,,,,,6,switch,,"Charger 6 (fid=1) not available, trying Charger 2 (fid=307904)",413.0169631883256,2,,
Car 22,48.0,5,5,,,done,,done charging,413.62682245175637,,,147.52671189997855
Car 29,,5,5,,,start_charge,,starting to charge at Charger 5 (fid=5),413.62682245175637,,9.974508013867307,
Car 33,,,,,0,switch,,"Charger 0 (fid=308440) not available, trying Charger 1 (fid=308702)",415.6569394877699,1,,
Car 34,,,,38,,arrived,,arrived,417.08238022581475,,,
Car 20,69.0,308440,0,,,done,,done charging,417.3074429909384,,,186.2715086920258
Car 31,,,,,2,switch,,"Charger 2 (fid=307904) not available, trying Charger 3 (fid=307905)",419.2068167496461,3,,
Car 35,,,,39,,arrived,,arrived,421.7053188235216,,,
Car 35,,3,9,,,start_charge,,starting to charge at Charger 9 (fid=3),421.7053188235216,,0.0,
Car 34,,,,,5,switch,,"Charger 5 (fid=5) not available, trying Charger 1 (fid=308702)",422.08238022581475,1,,
Car 18,70.0,1,6,,,done,,done charging,422.3929210518261,,,372.3011735127974
Car 33,,,,,1,switch,,"Charger 1 (fid=308702) not available, trying Charger 2 (fid=307904)",423.7673921151683,2,,
Car 31,,,,,3,switch,,"Charger 3 (fid=307905) not available, trying Charger 7 (fid=2)",424.4704429312102,7,,
Car 36,,,,68,,arrived,,arrived,425.3812477738368,,,
Car 36,,308440,0,,,start_charge,,starting to charge at Charger 0 (fid=308440),425.3812477738368,,0.0,
Car 37,,,,5,,arrived,,arrived,427.009463582132,,,
Car 37,,2,7,,,start_charge,,starting to charge at Charger 7 (fid=2),427.009463582132,,0.0,
Car 34,,,,,1,switch,,"Charger 1 (fid=308702) not available, trying Charger 0 (fid=308440)",430.6374935832347,0,,
Car 38,,,,61,,arrived,,arrived,431.77344801119267,,,
Car 31,,,,,7,switch,,"Charger 7 (fid=2) not available, trying Charger 4 (fid=308108)",432.7818845868602,4,,
Car 31,,308108,4,,,start_charge,,starting to charge at Charger 4 (fid=308108),434.38466898681946,,20.0,
Car 33,,,,,2,switch,,"Charger 2 (fid=307904) not available, trying Charger 3 (fid=307905)",435.2551714933137,3,,
Car 38,,,,,9,switch,,"Charger 9 (fid=3) not available, trying Charger 6 (fid=1)",436.77344801119267,6,,
Car 39,,,,8,,arrived,,arrived,438.2594643640725,,,
Car 40,,,,25,,arrived,,arrived,438.7368396158531,,,
Car 34,,,,,0,switch,,"Charger 0 (fid=308440) not available, trying Charger 6 (fid=1)",438.74794621063313,6,,
Car 19,91.0,1,6,,,done,,done charging,439.2019185766788,,,87.08299239818483
Car 33,,,,,3,switch,,"Charger 3 (fid=307905) not available, trying Charger 5 (fid=5)",440.51879767487776,5,,
Car 41,,,,5,,arrived,,arrived,441.6227739244858,,,
Car 42,,,,46,,arrived,,arrived,441.68258528928266,,,
Car 38,,1,6,,,start_charge,,starting to charge at Charger 6 (fid=1),442.607414160913,,5.0,
Car 39,,,,,5,switch,,"Charger 5 (fid=5) not available, trying Charger 1 (fid=308702)",443.2594643640725,1,,
Car 40,,,,,0,switch,,"Charger 0 (fid=308440) not available, trying Charger 2 (fid=307904)",443.7368396158531,2,,
Car 34,,1,6,,,start_charge,,starting to charge at Charger 6 (fid=1),444.0269979209037,,15.0,
Car 25,60.0,308702,1,,,done,,done charging,446.0261270662279,,,403.9345218681997
Car 42,,308702,1,,,start_charge,,starting to charge at Charger 1 (fid=308702),446.0261270662279,,4.343541776945244,
Car 41,,,,,5,switch,,"Charger 5 (fid=5) not available, trying Charger 1 (fid=308702)",446.6227739244858,1,,
Car 23,76.0,3,9,,,done,,done charging,447.82972268793606,,,140.0749914334876
Car 43,,,,77,,arrived,,arrived,449.0246568125809,,,
Car 44,,,,45,,arrived,,arrived,450.87906967515477,,,
Car 44,,3,9,,,start_charge,,starting to charge at Charger 9 (fid=3),450.87906967515477,,0.0,
Car 45,,,,71,,arrived,,arrived,451.5157910581494,,,
Car 39,,,,,1,switch,,"Charger 1 (fid=308702) not available, trying Charger 9 (fid=3)",451.81457772149247,9,,
Car 33,,,,,5,switch,,"Charger 5 (fid=5) not available, trying Charger 6 (fid=1)",452.6984413467997,6,,
Car 40,,,,,2,switch,,"Charger 2 (fid=307904) not available, trying Charger 3 (fid=307905)",453.0733271147464,3,,
Car 43,,,,,6,switch,,"Charger 6 (fid=1) not available, trying Charger 4 (fid=308108)",454.0246568125809,4,,
Car 41,,,,,1,switch,,"Charger 1 (fid=308702) not available, trying Charger 0 (fid=308440)",455.1778872819057,0,,
Car 46,,,,27,,arrived,,arrived,455.3494044182828,,,
Car 47,,,,73,,arrived,,arrived,456.10483442083984,,,
Car 45,,,,,0,switch,,"Charger 0 (fid=308440) not available, trying Charger 1 (fid=308702)",456.5157910581494,1,,
Car 43,,308108,4,,,start_charge,,starting to charge at Charger 4 (fid=308108),456.87603630354033,,5.0,
Car 40,,,,,3,switch,,"Charger 3 (fid=307905) not available, trying Charger 1 (fid=308702)",458.33695329631047,1,,
Car 48,,,,47,,arrived,,arrived,458.67430864424966,,,
Car 49,,,,2,,arrived,,arrived,459.32423960239106,,,
Car 50,,,,10,,arrived,,arrived,459.7644702797612,,,
Car 46,,,,,1,switch,,"Charger 1 (fid=308702) not available, trying Charger 5 (fid=5)",460.3494044182828,5,,
Car 47,,,,,5,switch,,"Charger 5 (fid=5) not available, trying Charger 1 (fid=308702)",461.10483442083984,1,,
Car 51,,,,78,,arrived,,arrived,461.87462116438525,,,
Car 41,,,,,0,switch,,"Charger 0 (fid=308440) not available, trying Charger 9 (fid=3)",463.28833990930417,9,,
Car 24,83.0,308702,1,,,done,,done charging,463.60757255024913,,,270.1505183671852
Car 48,,308702,1,,,start_charge,,starting to charge at Charger 1 (fid=308702),463.60757255024913,,4.933263905999468,
Car 49,,,,,7,switch,,"Charger 7 (fid=2) not available, trying Charger 4 (fid=308108)",464.32423960239106,4,,
Car 45,,,,,1,switch,,"Charger 1 (fid=308702) not available, trying Charger 2 (fid=307904)",464.6262436855478,2,,
Car 39,,,,,9,switch,,"Charger 9 (fid=3) not available, trying Charger 0 (fid=308440)",464.6746474763816,0,,
Car 50,,,,,5,switch,,"Charger 5 (fid=5) not available, trying Charger 9 (fid=3)",464.7644702797612,9,,
Car 33,,,,,6,switch,,"Charger 6 (fid=1) not available, trying Charger 9 (fid=3)",464.84213412984207,9,,
Car 51,,,,,5,switch,,"Charger 5 (fid=5) not available, trying Charger 9 (fid=3)",466.87462116438525,9,,
Car 28,70.0,5,5,,,done,,done charging,467.9312632663101,,,181.46240868517273
Car 46,,5,5,,,start_charge,,starting to charge at Charger 5 (fid=5),467.9312632663101,,9.026745490607368,
Car 52,,,,28,,arrived,,arrived,468.3302953110742,,,
Car 47,,,,,1,switch,,"Charger 1 (fid=308702) not available, trying Charger 0 (fid=308440)",469.6599477782598,0,,
Car 40,,,,,1,switch,,"Charger 1 (fid=308702) not available, trying Charger 6 (fid=1)",469.8410695060766,6,,
Car 49,,,,,4,switch,,"Charger 4 (fid=308108) not available, trying Charger 8 (fid=91)",470.9270240023503,8,,
Car 30,71.0,91,8,,,done,,done charging,472.14139292602647,,,106.24032324567185
Car 53,,,,37,,arrived,,arrived,472.80473053989544,,,
Car 49,,91,8,,,start_charge,,starting to charge at Charger 8 (fid=91),473.1374356854313,,10.0,
Car 52,,,,,0,switch,,"Charger 0 (fid=308440) not available, trying Charger 2 (fid=307904)",473.3302953110742,2,,
Car 32,66.0,2,7,,,done,,done charging,474.28689079753457,,,49.4834499503244
Car 54,,,,27,,arrived,,arrived,474.57067215162056,,,
Car 21,109.0,308440,0,,,done,,done charging,474.5880755314859,,,57.33694120795549
Car 39,,308440,0,,,start_charge,,starting to charge at Charger 0 (fid=308440),474.5880755314859,,18.08997538741471,
Car 41,,,,,9,switch,,"Charger 9 (fid=3) not available, trying Charger 6 (fid=1)",475.11179257699376,6,,
Car 33,,,,,9,switch,,"Charger 9 (fid=3) not available, trying Charger 7 (fid=2)",475.6761002795624,7,,
Car 55,,,,24,,arrived,,arrived,475.9642329064264,,,
Car 45,,,,,2,switch,,"Charger 2 (fid=307904) not available, trying Charger 3 (fid=307905)",476.1140230636932,3,,
Car 50,,,,,9,switch,,"Charger 9 (fid=3) not available, trying Charger 1 (fid=308702)",476.5599639506733,1,,
Car 47,,,,,0,switch,,"Charger 0 (fid=308440) not available, trying Charger 9 (fid=3)",477.7704004056582,9,,
Car 53,,,,,5,switch,,"Charger 5 (fid=5) not available, trying Charger 1 (fid=308702)",477.80473053989544,1,,
Car 56,,,,62,,arrived,,arrived,478.5825003309371,,,
Car 51,,,,,9,switch,,"Charger 9 (fid=3) not available, trying Charger 0 (fid=308440)",478.67011483529734,0,,
Car 54,,,,,0,switch,,"Charger 0 (fid=308440) not available, trying Charger 2 (fid=307904)",479.57067215162056,2,,
Car 27,79.0,307905,3,,,done,,done charging,480.31285852722795,,,237.56237784728015
Car 45,,307905,3,,,start_charge,,starting to charge at Charger 3 (fid=307905),480.31285852722795,,18.935209281970685,
Car 57,,,,61,,arrived,,arrived,480.75136193130015,,,
Car 55,,,,,1,switch,,"Charger 1 (fid=308702) not available, trying Charger 5 (fid=5)",480.9642329064264,5,,
Car 58,,,,52,,arrived,,arrived,481.0235249912682,,,
Car 40,,,,,6,switch,,"Charger 6 (fid=1) not available, trying Charger 9 (fid=3)",481.7049993083614,9,,
Car 33,,2,7,,,start_charge,,starting to charge at Charger 7 (fid=2),482.1858864063392,,35.0,
Car 52,,,,,2,switch,,"Charger 2 (fid=307904) not available, trying Charger 3 (fid=307905)",482.6667828099675,3,,
Car 59,,,,53,,arrived,,arrived,483.22932832778196,,,
Car 56,,,,,9,switch,,"Charger 9 (fid=3) not available, trying Charger 6 (fid=1)",483.5825003309371,6,,
Car 57,,,,,9,switch,,"Charger 9 (fid=3) not available, trying Charger 6 (fid=1)",485.75136193130015,6,,
Car 41,,,,,6,switch,,"Charger 6 (fid=1) not available, trying Charger 2 (fid=307904)",485.9457587267141,2,,
Car 58,,,,,6,switch,,"Charger 6 (fid=1) not available, trying Charger 2 (fid=307904)",486.0235249912682,2,,
Car 53,,,,,1,switch,,"Charger 1 (fid=308702) not available, trying Charger 0 (fid=308440)",486.3598438973154,0,,
Car 36,61.0,308440,0,,,done,,done charging,486.3812477738368,,,46.13370440893304
Car 51,,308440,0,,,start_charge,,starting to charge at Charger 0 (fid=308440),486.3812477738368,,10.887680270849842,
Car 29,73.0,5,5,,,done,,done charging,486.62682245175637,,,304.7137245260666
Car 55,,5,5,,,start_charge,,starting to charge at Charger 5 (fid=5),486.62682245175637,,7.107476187910038,
Car 60,,,,37,,arrived,,arrived,487.61008352580495,,,
Car 52,,,,,3,switch,,"Charger 3 (fid=307905) not available, trying Charger 6 (fid=1)",487.9304089915316,6,,
Car 59,,,,,4,switch,,"Charger 4 (fid=308108) not available, trying Charger 9 (fid=3)",488.22932832778196,9,,
Car 61,,,,33,,arrived,,arrived,488.2863327550932,,,
Car 54,,,,,2,switch,,"Charger 2 (fid=307904) not available, trying Charger 3 (fid=307905)",488.90715965051385,3,,
Car 50,,,,,1,switch,,"Charger 1 (fid=308702) not available, trying Charger 0 (fid=308440)",489.42003370556245,0,,
Car 47,,,,,9,switch,,"Charger 9 (fid=3) not available, trying Charger 6 (fid=1)",489.5938530733478,6,,
Car 41,,,,,2,switch,,"Charger 2 (fid=307904) not available, trying Charger 3 (fid=307905)",492.1356122880346,3,,
Car 58,,,,,2,switch,,"Charger 2 (fid=307904) not available, trying Charger 3 (fid=307905)",492.2133785525887,3,,
Car 40,,,,,9,switch,,"Charger 9 (fid=3) not available, trying Charger 8 (fid=91)",492.5389654580817,8,,
Car 62,,,,70,,arrived,,arrived,492.5931165370362,,,
Car 60,,,,,5,switch,,"Charger 5 (fid=5) not available, trying Charger 1 (fid=308702)",492.61008352580495,1,,
Car 61,,,,,1,switch,,"Charger 1 (fid=308702) not available, trying Charger 0 (fid=308440)",493.2863327550932,0,,
Car 52,,,,,6,switch,,"Charger 6 (fid=1) not available, trying Charger 1 (fid=308702)",494.1365993844729,1,,
Car 54,,,,,3,switch,,"Charger 3 (fid=307905) not available, trying Charger 1 (fid=308702)",494.1707858320779,1,,
Car 56,,,,,6,switch,,"Charger 6 (fid=1) not available, trying Charger 2 (fid=307904)",494.4164664806574,2,,
Car 53,,,,,0,switch,,"Charger 0 (fid=308440) not available, trying Charger 9 (fid=3)",494.47029652471383,9,,
Car 63,,,,36,,arrived,,arrived,494.71866256251855,,,
Car 57,,,,,6,switch,,"Charger 6 (fid=1) not available, trying Charger 4 (fid=308108)",496.58532808102046,4,,
Car 41,,,,,3,switch,,"Charger 3 (fid=307905) not available, trying Charger 4 (fid=308108)",497.3992384695987,4,,
Car 58,,,,,3,switch,,"Charger 3 (fid=307905) not available, trying Charger 7 (fid=2)",497.4770047341528,7,,
Car 50,,,,,0,switch,,"Charger 0 (fid=308440) not available, trying Charger 6 (fid=1)",497.5304863329609,6,,
Car 62,,,,,0,switch,,"Charger 0 (fid=308440) not available, trying Charger 1 (fid=308702)",497.5931165370362,1,,
Car 64,,,,34,,arrived,,arrived,498.3674715643967,,,
Car 59,,,,,9,switch,,"Charger 9 (fid=3) not available, trying Charger 6 (fid=1)",499.1816802394123,6,,
Car 40,,91,8,,,start_charge,,starting to charge at Charger 8 (fid=91),499.65637886798027,,30.0,
Car 63,,,,,0,switch,,"Charger 0 (fid=308440) not available, trying Charger 2 (fid=307904)",499.71866256251855,2,,
Car 65,,,,26,,arrived,,arrived,499.9747237076219,,,
Car 47,,,,,6,switch,,"Charger 6 (fid=1) not available, trying Charger 2 (fid=307904)",500.4278192230681,2,,
Car 56,,,,,2,switch,,"Charger 2 (fid=307904) not available, trying Charger 3 (fid=307905)",500.60632004197794,3,,
Car 60,,,,,1,switch,,"Charger 1 (fid=308702) not available, trying Charger 0 (fid=308440)",501.1651968832249,0,,
Car 61,,,,,0,switch,,"Charger 0 (fid=308440) not available, trying Charger 5 (fid=5)",501.39678538249166,5,,
Car 26,112.0,307904,2,,,done,,done charging,501.47140856844214,,,278.2164119235254
Car 47,,307904,2,,,start_charge,,starting to charge at Charger 2 (fid=307904),501.6176727843887,,25.0,
Car 66,,,,58,,arrived,,arrived,502.64428788157124,,,
Car 67,,,,32,,arrived,,arrived,503.34993494562025,,,
Car 64,,,,,1,switch,,"Charger 1 (fid=308702) not available, trying Charger 0 (fid=308440)",503.3674715643967,0,,
Car 68,,,,4,,arrived,,arrived,503.8658577632822,,,
Car 57,,,,,4,switch,,"Charger 4 (fid=308108) not available, trying Charger 2 (fid=307904)",504.4367075719799,2,,
Car 65,,,,,1,switch,,"Charger 1 (fid=308702) not available, trying Charger 5 (fid=5)",504.9747237076219,5,,
Car 69,,,,9,,arrived,,arrived,505.37331935492006,,,
Car 54,,,,,1,switch,,"Charger 1 (fid=308702) not available, trying Charger 6 (fid=1)",505.67490204184406,6,,
Car 62,,,,,1,switch,,"Charger 1 (fid=308702) not available, trying Charger 2 (fid=307904)",505.70356916443467,2,,
Car 58,,,,,7,switch,,"Charger 7 (fid=2) not available, trying Charger 4 (fid=308108)",505.7884463898028,4,,
Car 56,,,,,3,switch,,"Charger 3 (fid=307905) not available, trying Charger 5 (fid=5)",505.869946223542,5,,
Car 41,,,,,4,switch,,"Charger 4 (fid=308108) not available, trying Charger 7 (fid=2)",505.9217083158508,7,,
Car 52,,,,,1,switch,,"Charger 1 (fid=308702) not available, trying Charger 9 (fid=3)",506.00052918675766,9,,
Car 53,,,,,9,switch,,"Charger 9 (fid=3) not available, trying Charger 6 (fid=1)",506.2937491924034,6,,
Car 66,,,,,7,switch,,"Charger 7 (fid=2) not available, trying Charger 4 (fid=308108)",507.64428788157124,4,,
Car 50,,,,,6,switch,,"Charger 6 (fid=1) not available, trying Charger 4 (fid=308108)",507.80953804323144,4,,
Car 67,,,,,1,switch,,"Charger 1 (fid=308702) not available, trying Charger 0 (fid=308440)",508.34993494562025,0,,
Car 68,,,,,6,switch,,"Charger 6 (fid=1) not available, trying Charger 2 (fid=307904)",508.8658577632822,2,,
Car 63,,,,,2,switch,,"Charger 2 (fid=307904) not available, trying Charger 3 (fid=307905)",509.05515006141184,3,,
Car 60,,,,,0,switch,,"Charger 0 (fid=308440) not available, trying Charger 9 (fid=3)",509.27564951062334,9,,
Car 59,,,,,6,switch,,"Charger 6 (fid=1) not available, trying Charger 7 (fid=2)",510.0156463891326,7,,
Car 69,,,,,5,switch,,"Charger 5 (fid=5) not available, trying Charger 9 (fid=3)",510.37331935492006,9,,
Car 64,,,,,0,switch,,"Charger 0 (fid=308440) not available, trying Charger 5 (fid=5)",511.4779241917951,5,,
Car 61,,,,,5,switch,,"Charger 5 (fid=5) not available, trying Charger 2 (fid=307904)",511.95396869295877,2,,
Car 58,,,,,4,switch,,"Charger 4 (fid=308108) not available, trying Charger 8 (fid=91)",512.3912307897621,8,,
Car 41,,,,,7,switch,,"Charger 7 (fid=2) not available, trying Charger 8 (fid=91)",512.5244927158101,8,,
Car 57,,,,,2,switch,,"Charger 2 (fid=307904) not available, trying Charger 3 (fid=307905)",512.9428405866113,3,,
Car 65,,,,,5,switch,,"Charger 5 (fid=5) not available, trying Charger 0 (fid=308440)",513.5298370650419,0,,
Car 66,,,,,4,switch,,"Charger 4 (fid=308108) not available, trying Charger 8 (fid=91)",514.2470722815306,8,,
Car 63,,,,,3,switch,,"Charger 3 (fid=307905) not available, trying Charger 6 (fid=1)",514.3187762429759,6,,
Car 68,,,,,2,switch,,"Charger 2 (fid=307904) not available, trying Charger 3 (fid=307905)",515.0557113246027,3,,
Car 50,,,,,4,switch,,"Charger 4 (fid=308108) not available, trying Charger 2 (fid=307904)",515.660917534191,2,,
Car 67,,,,,0,switch,,"Charger 0 (fid=308440) not available, trying Charger 5 (fid=5)",516.4603875730187,5,,
Car 53,,,,,6,switch,,"Charger 6 (fid=1) not available, trying Charger 2 (fid=307904)",517.1277153421238,2,,
Car 62,,,,,2,switch,,"Charger 2 (fid=307904) not available, trying Charger 3 (fid=307905)",517.19134854258,3,,
Car 70,,,,37,,arrived,,arrived,517.2159154498361,,,
Car 54,,,,,6,switch,,"Charger 6 (fid=1) not available, trying Charger 9 (fid=3)",517.5388318441288,9,,
Car 59,,,,,7,switch,,"Charger 7 (fid=2) not available, trying Charger 2 (fid=307904)",517.6559976894899,2,,
Car 56,,,,,5,switch,,"Charger 5 (fid=5) not available, trying Charger 0 (fid=308440)",518.0495898954639,0,,
Car 57,,,,,3,switch,,"Charger 3 (fid=307905) not available, trying Charger 5 (fid=5)",518.2064667681753,5,,
Car 52,,,,,9,switch,,"Charger 9 (fid=3) not available, trying Charger 8 (fid=91)",518.8605989416468,8,,
Car 41,,,,,,gave_up,8,"no alternate charger available, gave up",519.3514839028388,,,
Car 58,,,,,8,switch,,"Charger 8 (fid=91) not available, trying Charger 9 (fid=3)",519.6016424728431,9,,
Car 68,,,,,3,switch,,"Charger 3 (fid=307905) not available, trying Charger 7 (fid=2)",520.3193375061668,7,,
Car 63,,,,,6,switch,,"Charger 6 (fid=1) not available, trying Charger 1 (fid=308702)",520.5249666359173,1,,
Car 60,,,,,9,switch,,"Charger 9 (fid=3) not available, trying Charger 6 (fid=1)",521.0991021783129,6,,
Car 66,,,,,8,switch,,"Charger 8 (fid=91) not available, trying Charger 6 (fid=1)",521.4574839646116,6,,
Car 71,,,,89,,arrived,,arrived,521.8934246251615,,,
Car 64,,,,,5,switch,,"Charger 5 (fid=5) not available, trying Charger 2 (fid=307904)",522.0351075022622,2,,
Car 69,,,,,9,switch,,"Charger 9 (fid=3) not available, trying Charger 0 (fid=308440)",522.1688130258322,0,,
Car 70,,,,,5,switch,,"Charger 5 (fid=5) not available, trying Charger 1 (fid=308702)",522.2159154498361,1,,
Car 62,,,,,3,switch,,"Charger 3 (fid=307905) not available, trying Charger 6 (fid=1)",522.4549747241441,6,,
Car 53,,,,,2,switch,,"Charger 2 (fid=307904) not available, trying Charger 3 (fid=307905)",523.3175689034443,3,,
Car 65,,,,,0,switch,,"Charger 0 (fid=308440) not available, trying Charger 2 (fid=307904)",524.087020375509,2,,
Car 61,,,,,2,switch,,"Charger 2 (fid=307904) not available, trying Charger 3 (fid=307905)",524.11727553326,3,,
Car 50,,,,,2,switch,,"Charger 2 (fid=307904) not available, trying Charger 3 (fid=307905)",524.1670505488223,3,,
Car 72,,,,23,,arrived,,arrived,524.7787821285401,,,
Car 59,,,,,2,switch,,"Charger 2 (fid=307904) not available, trying Charger 3 (fid=307905)",525.9511025135192,3,,
Car 73,,,,28,,arrived,,arrived,526.6834505658491,,,
Car 71,,,,,8,switch,,"Charger 8 (fid=91) not available, trying Charger 7 (fid=2)",526.8934246251615,7,,
Car 67,,,,,5,switch,,"Charger 5 (fid=5) not available, trying Charger 2 (fid=307904)",527.0175708834859,2,,
Car 34,84.0,1,6,,,done,,done charging,528.0269979209037,,,550.061016359126
Car 62,,1,6,,,start_charge,,starting to charge at Charger 6 (fid=1),528.0269979209037,,24.365832803818193,
Car 54,,,,,9,switch,,"Charger 9 (fid=3) not available, trying Charger 8 (fid=91)",528.3727979938492,8,,
Car 53,,,,,3,switch,,"Charger 3 (fid=307905) not available, trying Charger 4 (fid=308108)",528.5811950850084,4,,
Car 56,,,,,0,switch,,"Charger 0 (fid=308440) not available, trying Charger 4 (fid=308108)",528.6067732059311,4,,
Car 68,,,,,7,switch,,"Charger 7 (fid=2) not available, trying Charger 4 (fid=308108)",528.6307791618168,4,,
Car 61,,,,,3,switch,,"Charger 3 (fid=307905) not available, trying Charger 6 (fid=1)",529.3809017148241,6,,
Car 66,,,,,6,switch,,"Charger 6 (fid=1) not available, trying Charger 2 (fid=307904)",529.4213133034858,2,,
Car 50,,,,,3,switch,,"Charger 3 (fid=307905) not available, trying Charger 7 (fid=2)",529.4306767303864,7,,
Car 72,,,,,5,switch,,"Charger 5 (fid=5) not available, trying Charger 1 (fid=308702)",529.7787821285401,1,,
Car 57,,,,,5,switch,,"Charger 5 (fid=5) not available, trying Charger 0 (fid=308440)",530.3861104400972,0,,
Car 70,,,,,1,switch,,"Charger 1 (fid=308702) not available, trying Charger 0 (fid=308440)",530.771028807256,0,,
Car 52,,,,,8,switch,,"Charger 8 (fid=91) not available, trying Charger 5 (fid=5)",530.9780123515453,5,,
Car 59,,,,,3,switch,,"Charger 3 (fid=307905) not available, trying Charger 8 (fid=91)",531.2147286950833,8,,
Car 73,,,,,1,switch,,"Charger 1 (fid=308702) not available, trying Charger 5 (fid=5)",531.6834505658491,5,,
Car 58,,,,,9,switch,,"Charger 9 (fid=3) not available, trying Charger 0 (fid=308440)",531.7190558827416,0,,
Car 74,,,,44,,arrived,,arrived,531.9323519807986,,,
Car 60,,,,,6,switch,,"Charger 6 (fid=1) not available, trying Charger 2 (fid=307904)",531.9330683280333,2,,
Car 63,,,,,1,switch,,"Charger 1 (fid=308702) not available, trying Charger 5 (fid=5)",532.3888964382021,5,,
Car 65,,,,,2,switch,,"Charger 2 (fid=307904) not available, trying Charger 3 (fid=307905)",533.4235078744023,3,,
Car 35,112.0,3,9,,,done,,done charging,533.7053188235216,,,52.897065614166266
Car 71,,,,,7,switch,,"Charger 7 (fid=2) not available, trying Charger 4 (fid=308108)",533.7204158121903,4,,
Car 69,,,,,0,switch,,"Charger 0 (fid=308440) not available, trying Charger 1 (fid=308702)",533.9922656935217,1,,
Car 37,107.0,2,7,,,done,,done charging,534.009463582132,,,214.13464108720677
Car 50,,2,7,,,start_charge,,starting to charge at Charger 7 (fid=2),534.009463582132,,41.26734519609562,
Car 64,,,,,2,switch,,"Charger 2 (fid=307904) not available, trying Charger 3 (fid=307905)",534.1984143425634,3,,
Car 75,,,,52,,arrived,,arrived,534.266271146248,,,
Car 68,,,,,4,switch,,"Charger 4 (fid=308108) not available, trying Charger 0 (fid=308440)",535.233563561776,0,,
Car 61,,,,,6,switch,,"Charger 6 (fid=1) not available, trying Charger 9 (fid=3)",535.5870921077654,9,,
Car 66,,,,,2,switch,,"Charger 2 (fid=307904) not available, trying Charger 3 (fid=307905)",535.6111668648064,3,,
Car 74,,,,,1,switch,,"Charger 1 (fid=308702) not available, trying Charger 5 (fid=5)",536.9323519807986,5,,
Car 53,,,,,4,switch,,"Charger 4 (fid=308108) not available, trying Charger 7 (fid=2)",537.1036649312606,7,,
Car 60,,,,,2,switch,,"Charger 2 (fid=307904) not available, trying Charger 3 (fid=307905)",538.1229218893538,3,,
Car 72,,,,,1,switch,,"Charger 1 (fid=308702) not available, trying Charger 0 (fid=308440)",538.33389548596,0,,
Car 65,,,,,3,switch,,"Charger 3 (fid=307905) not available, trying Charger 6 (fid=1)",538.6871340559663,6,,
Car 76,,,,23,,arrived,,arrived,538.7553620736556,,,
Car 77,,,,37,,arrived,,arrived,538.8584118073821,,,
Car 70,,,,,0,switch,,"Charger 0 (fid=308440) not available, trying Charger 9 (fid=3)",538.8814814346545,9,,
Car 59,,,,,8,switch,,"Charger 8 (fid=91) not available, trying Charger 0 (fid=308440)",539.1427100749964,0,,
Car 67,,,,,2,switch,,"Charger 2 (fid=307904) not available, trying Charger 3 (fid=307905)",539.180877723787,3,,
Car 75,,,,,6,switch,,"Charger 6 (fid=1) not available, trying Charger 2 (fid=307904)",539.266271146248,2,,
Car 64,,,,,3,switch,,"Charger 3 (fid=307905) not available, trying Charger 6 (fid=1)",539.4620405241275,6,,
Car 78,,,,68,,arrived,,arrived,539.9927157858422,,,
Car 49,67.0,91,8,,,done,,done charging,540.1374356854312,,,152.18836587949284
Car 54,,91,8,,,start_charge,,starting to charge at Charger 8 (fid=91),540.1374356854312,,34.64722428168352,
Car 73,,,,,5,switch,,"Charger 5 (fid=5) not available, trying Charger 0 (fid=308440)",540.238563923269,0,,
Car 71,,,,,4,switch,,"Charger 4 (fid=308108) not available, trying Charger 2 (fid=307904)",540.3232002121495,2,,
Car 66,,,,,3,switch,,"Charger 3 (fid=307905) not available, trying Charger 9 (fid=3)",540.8747930463704,9,,
Car 57,,,,,0,switch,,"Charger 0 (fid=308440) not available, trying Charger 7 (fid=2)",540.9432937505644,7,,
Car 63,,,,,5,switch,,"Charger 5 (fid=5) not available, trying Charger 9 (fid=3)",540.944009795622,9,,
Car 56,,,,,4,switch,,"Charger 4 (fid=308108) not available, trying Charger 7 (fid=2)",540.9682322489789,7,,
Car 61,,3,9,,,start_charge,,starting to charge at Charger 9 (fid=3),541.4210582574858,,30.0,
Car 38,99.0,1,6,,,done,,done charging,541.607414160913,,,419.7635025576588
Car 65,,1,6,,,start_charge,,starting to charge at Charger 6 (fid=1),541.607414160913,,26.71408971200532,
Car 69,,,,,1,switch,,"Charger 1 (fid=308702) not available, trying Charger 6 (fid=1)",542.1027183209202,6,,
Car 48,79.0,308702,1,,,done,,done charging,542.6075725502492,,,150.86806658959517
Car 60,,,,,3,switch,,"Charger 3 (fid=307905) not available, trying Charger 4 (fid=308108)",543.3865480709179,4,,
Car 58,,,,,0,switch,,"Charger 0 (fid=308440) not available, trying Charger 1 (fid=308702)",543.5425085504312,1,,
Car 53,,,,,7,switch,,"Charger 7 (fid=2) not available, trying Charger 8 (fid=91)",543.7064493312198,8,,
Car 76,,,,,0,switch,,"Charger 0 (fid=308440) not available, trying Charger 2 (fid=307904)",543.7553620736556,2,,
Car 77,,,,,5,switch,,"Charger 5 (fid=5) not available, trying Charger 1 (fid=308702)",543.8584118073821,1,,
Car 67,,,,,3,switch,,"Charger 3 (fid=307905) not available, trying Charger 6 (fid=1)",544.4445039053511,6,,
Car 78,,,,,0,switch,,"Charger 0 (fid=308440) not available, trying Charger 1 (fid=308702)",544.9927157858422,1,,
Car 79,,,,61,,arrived,,arrived,545.1558526719266,,,
Car 31,111.0,308108,4,,,done,,done charging,545.3846689868194,,,237.51991159692324
Car 52,,,,,5,switch,,"Charger 5 (fid=5) not available, trying Charger 7 (fid=2)",545.4245697982657,7,,
Car 75,,,,,2,switch,,"Charger 2 (fid=307904) not available, trying Charger 3 (fid=307905)",545.4561247075685,3,,
Car 74,,,,,5,switch,,"Charger 5 (fid=5) not available, trying Charger 0 (fid=308440)",545.4874653382185,0,,
Car 64,,,,,6,switch,,"Charger 6 (fid=1) not available, trying Charger 9 (fid=3)",545.6682309170689,9,,
Car 72,,,,,0,switch,,"Charger 0 (fid=308440) not available, trying Charger 2 (fid=307904)",546.4443481133585,2,,
Car 58,,308702,1,,,start_charge,,starting to charge at Charger 1 (fid=308702),546.6529611778296,,40.0,
Car 60,,308108,4,,,start_charge,,starting to charge at Charger 4 (fid=308108),546.9090179171701,,35.0,
Car 56,,,,,7,switch,,"Charger 7 (fid=2) not available, trying Charger 1 (fid=308702)",547.5710166489381,1,,
Car 68,,,,,0,switch,,"Charger 0 (fid=308440) not available, trying Charger 9 (fid=3)",547.5950226048238,9,,
Car 42,102.0,308702,1,,,done,,done charging,548.0261270662279,,,141.9503146929267
Car 77,,308702,1,,,start_charge,,starting to charge at Charger 1 (fid=308702),548.0261270662279,,5.612601901425819,
Car 71,,,,,2,switch,,"Charger 2 (fid=307904) not available, trying Charger 3 (fid=307905)",548.8293332267808,3,,
Car 43,93.0,308108,4,,,done,,done charging,549.8760363035403,,,252.25969385824664
Car 79,,,,,9,switch,,"Charger 9 (fid=3) not available, trying Charger 6 (fid=1)",550.1558526719266,6,,
Car 80,,,,4,,arrived,,arrived,550.3276862286959,,,
Car 53,,,,,,gave_up,8,"no alternate charger available, gave up",550.5334405182485,,,
Car 67,,,,,6,switch,,"Charger 6 (fid=1) not available, trying Charger 9 (fid=3)",550.6506942982925,9,,
Car 70,,,,,9,switch,,"Charger 9 (fid=3) not available, trying Charger 6 (fid=1)",550.704934102344,6,,
Car 75,,,,,3,switch,,"Charger 3 (fid=307905) not available, trying Charger 7 (fid=2)",550.7197508891326,7,,
Car 73,,,,,0,switch,,"Charger 0 (fid=308440) not available, trying Charger 2 (fid=307904)",550.7957472337362,2,,
Car 59,,,,,0,switch,,"Charger 0 (fid=308440) not available, trying Charger 5 (fid=5)",551.1435527722388,5,,
Car 66,,,,,9,switch,,"Charger 9 (fid=3) not available, trying Charger 0 (fid=308440)",552.3382948202906,0,,
Car 63,,,,,9,switch,,"Charger 9 (fid=3) not available, trying Charger 8 (fid=91)",552.7395034665342,8,,
Car 76,,,,,2,switch,,"Charger 2 (fid=307904) not available, trying Charger 3 (fid=307905)",553.0918495725489,3,,
Car 78,,,,,1,switch,,"Charger 1 (fid=308702) not available, trying Charger 2 (fid=307904)",553.1031684132406,2,,
Car 57,,,,,7,switch,,"Charger 7 (fid=2) not available, trying Charger 8 (fid=91)",553.11979248309,8,,
Car 69,,,,,6,switch,,"Charger 6 (fid=1) not available, trying Charger 4 (fid=308108)",553.966648123205,4,,
Car 71,,,,,3,switch,,"Charger 3 (fid=307905) not available, trying Charger 6 (fid=1)",554.0929594083449,6,,
Car 80,,,,,6,switch,,"Charger 6 (fid=1) not available, trying Charger 2 (fid=307904)",555.3276862286959,2,,
Car 72,,,,,2,switch,,"Charger 2 (fid=307904) not available, trying Charger 3 (fid=307905)",555.7808356122517,3,,
Car 81,,,,72,,arrived,,arrived,555.9491830101721,,,
Car 74,,,,,0,switch,,"Charger 0 (fid=308440) not available, trying Charger 2 (fid=307904)",556.0446486486857,2,,
Car 64,,,,,9,switch,,"Charger 9 (fid=3) not available, trying Charger 7 (fid=2)",556.5021970667892,7,,
Car 69,,308108,4,,,start_charge,,starting to charge at Charger 4 (fid=308108),556.8180276141645,,25.0,
Car 76,,,,,3,switch,,"Charger 3 (fid=307905) not available, trying Charger 1 (fid=308702)",558.355475754113,1,,
Car 52,,,,,7,switch,,"Charger 7 (fid=2) not available, trying Charger 4 (fid=308108)",558.9174485987484,4,,
Car 75,,,,,7,switch,,"Charger 7 (fid=2) not available, trying Charger 4 (fid=308108)",559.0311925447826,4,,
Car 68,,,,,9,switch,,"Charger 9 (fid=3) not available, trying Charger 8 (fid=91)",559.4184752725134,8,,
Car 57,,,,,8,switch,,"Charger 8 (fid=91) not available, trying Charger 1 (fid=308702)",559.9467836701187,1,,
Car 73,,,,,2,switch,,"Charger 2 (fid=307904) not available, trying Charger 3 (fid=307905)",560.1322347326294,3,,
Car 71,,,,,6,switch,,"Charger 6 (fid=1) not available, trying Charger 0 (fid=308440)",560.2991498012863,0,,
Car 56,,,,,1,switch,,"Charger 1 (fid=308702) not available, trying Charger 8 (fid=91)",560.7841324686632,8,,
Car 81,,,,,0,switch,,"Charger 0 (fid=308440) not available, trying Charger 1 (fid=308702)",560.9491830101721,1,,
Car 79,,,,,6,switch,,"Charger 6 (fid=1) not available, trying Charger 4 (fid=308108)",560.989818821647,4,,
Car 72,,,,,3,switch,,"Charger 3 (fid=307905) not available, trying Charger 6 (fid=1)",561.0444617938158,6,,
Car 67,,,,,9,switch,,"Charger 9 (fid=3) not available, trying Charger 7 (fid=2)",561.4846604480128,7,,
Car 80,,,,,2,switch,,"Charger 2 (fid=307904) not available, trying Charger 3 (fid=307905)",561.5175397900165,3,,
Car 70,,,,,6,switch,,"Charger 6 (fid=1) not available, trying Charger 2 (fid=307904)",561.5389002520644,2,,
Car 59,,,,,5,switch,,"Charger 5 (fid=5) not available, trying Charger 1 (fid=308702)",561.7007360827059,1,,
Car 44,111.0,3,9,,,done,,done charging,561.8790696751548,,,260.2094893179926
Car 45,83.0,307905,3,,,done,,done charging,563.312858527228,,,322.3748768701654
Car 73,,307905,3,,,start_charge,,starting to charge at Charger 3 (fid=307905),563.312858527228,,22.916997613034482,
Car 66,,,,,0,switch,,"Charger 0 (fid=308440) not available, trying Charger 5 (fid=5)",564.1617474879802,5,,
Car 82,,,,64,,arrived,,arrived,564.5438258084916,,,
Car 78,,,,,2,switch,,"Charger 2 (fid=307904) not available, trying Charger 3 (fid=307905)",564.590947791386,3,,
Car 63,,,,,8,switch,,"Charger 8 (fid=91) not available, trying Charger 7 (fid=2)",564.8569168764327,7,,
Car 46,97.0,5,5,,,done,,done charging,564.9312632663101,,,256.6019225552096
Car 74,,,,,2,switch,,"Charger 2 (fid=307904) not available, trying Charger 3 (fid=307905)",565.3811361475789,3,,
Car 52,,,,,,gave_up,4,"no alternate charger available, gave up",565.5202329987076,,,
Car 75,,,,,4,switch,,"Charger 4 (fid=308108) not available, trying Charger 8 (fid=91)",565.6339769447418,8,,
Car 80,,,,,3,switch,,"Charger 3 (fid=307905) not available, trying Charger 7 (fid=2)",566.7811659715805,7,,
Car 83,,,,73,,arrived,,arrived,566.8316498922892,,,
Car 83,,5,5,,,start_charge,,starting to charge at Charger 5 (fid=5),566.8316498922892,,0.0,
Car 72,,,,,6,switch,,"Charger 6 (fid=1) not available, trying Charger 9 (fid=3)",567.2506521867572,9,,
Car 70,,,,,2,switch,,"Charger 2 (fid=307904) not available, trying Charger 3 (fid=307905)",567.728753813385,3,,
Car 64,,,,,7,switch,,"Charger 7 (fid=2) not available, trying Charger 4 (fid=308108)",568.011983193566,4,,
Car 84,,,,63,,arrived,,arrived,568.2557882235028,,,
Car 79,,,,,4,switch,,"Charger 4 (fid=308108) not available, trying Charger 2 (fid=307904)",568.8411983126065,2,,
Car 81,,,,,1,switch,,"Charger 1 (fid=308702) not available, trying Charger 2 (fid=307904)",569.0596356375705,2,,
Car 33,87.0,2,7,,,done,,done charging,569.1858864063393,,,536.45151066492
Car 82,,2,7,,,start_charge,,starting to charge at Charger 7 (fid=2),569.1858864063393,,4.642060597847603,
Car 85,,,,10,,arrived,,arrived,569.2598398279968,,,
Car 39,95.0,308440,0,,,done,,done charging,569.5880755314859,,,465.61670218752363
Car 71,,308440,0,,,start_charge,,starting to charge at Charger 0 (fid=308440),569.5880755314859,,34.00987401992904,
Car 78,,,,,3,switch,,"Charger 3 (fid=307905) not available, trying Charger 6 (fid=1)",569.8545739729501,6,,
Car 76,,,,,1,switch,,"Charger 1 (fid=308702) not available, trying Charger 6 (fid=1)",569.8595919638791,6,,
Car 59,,,,,,gave_up,1,"no alternate charger available, gave up",570.2558494401259,,,
Car 47,69.0,307904,2,,,done,,done charging,570.6176727843887,,,468.96080226857913
Car 74,,,,,3,switch,,"Charger 3 (fid=307905) not available, trying Charger 6 (fid=1)",570.644762329143,6,,
Car 86,,,,14,,arrived,,arrived,571.0011999725197,,,
Car 68,,,,,8,switch,,"Charger 8 (fid=91) not available, trying Charger 1 (fid=308702)",571.535888682412,1,,
Car 63,,,,,7,switch,,"Charger 7 (fid=2) not available, trying Charger 4 (fid=308108)",571.6839080634614,4,,
Car 79,,307904,2,,,start_charge,,starting to charge at Charger 2 (fid=307904),572.3473313272378,,15.0,
Car 75,,,,,8,switch,,"Charger 8 (fid=91) not available, trying Charger 9 (fid=3)",572.8443886278228,9,,
Car 70,,,,,3,switch,,"Charger 3 (fid=307905) not available, trying Charger 4 (fid=308108)",572.992379994949,4,,
Car 67,,,,,7,switch,,"Charger 7 (fid=2) not available, trying Charger 4 (fid=308108)",572.9944465747897,4,,
Car 72,,3,9,,,start_charge,,starting to charge at Charger 9 (fid=3),573.0846183364775,,30.0,
Car 84,,,,,5,switch,,"Charger 5 (fid=5) not available, trying Charger 1 (fid=308702)",573.2557882235028,1,,
Car 57,,,,,,gave_up,1,"no alternate charger available, gave up",574.0989182466132,,,
Car 85,,,,,5,switch,,"Charger 5 (fid=5) not available, trying Charger 9 (fid=3)",574.2598398279968,9,,
Car 64,,,,,4,switch,,"Charger 4 (fid=308108) not available, trying Charger 8 (fid=91)",574.6147675935252,8,,
Car 66,,,,,5,switch,,"Charger 5 (fid=5) not available, trying Charger 1 (fid=308702)",574.7189307984473,1,,
Car 56,,,,,,gave_up,8,"no alternate charger available, gave up",574.9362670451576,,,
Car 80,,,,,7,switch,,"Charger 7 (fid=2) not available, trying Charger 4 (fid=308108)",575.0926076272306,4,,
Car 86,,,,,0,switch,,"Charger 0 (fid=308440) not available, trying Charger 2 (fid=307904)",576.0011999725197,2,,
Car 78,,,,,6,switch,,"Charger 6 (fid=1) not available, trying Charger 5 (fid=5)",576.0607643658915,5,,
Car 74,,,,,6,switch,,"Charger 6 (fid=1) not available, trying Charger 9 (fid=3)",576.8509527220843,9,,
Car 63,,,,,,gave_up,4,"no alternate charger available, gave up",578.2866924634206,,,
Car 67,,,,,4,switch,,"Charger 4 (fid=308108) not available, trying Charger 8 (fid=91)",579.5972309747489,8,,
Car 87,,,,17,,arrived,,arrived,580.2130266445018,,,
Car 81,,,,,2,switch,,"Charger 2 (fid=307904) not available, trying Charger 3 (fid=307905)",580.547415015716,3,,
Car 70,,,,,4,switch,,"Charger 4 (fid=308108) not available, trying Charger 7 (fid=2)",581.5148498412012,7,,
Car 80,,,,,4,switch,,"Charger 4 (fid=308108) not available, trying Charger 0 (fid=308440)",581.6953920271898,0,,
Car 76,,,,,6,switch,,"Charger 6 (fid=1) not available, trying Charger 9 (fid=3)",581.7235217661639,9,,
Car 84,,,,,1,switch,,"Charger 1 (fid=308702) not available, trying Charger 0 (fid=308440)",581.8109015809227,0,,
Car 64,,,,,,gave_up,8,"no alternate charger available, gave up",581.8251792766063,,,
Car 88,,,,53,,arrived,,arrived,582.3403786792751,,,
Car 66,,,,,,gave_up,1,"no alternate charger available, gave up",583.2740441558673,,,
Car 55,97.0,5,5,,,done,,done charging,583.6268224517564,,,223.42208240966335
Car 78,,5,5,,,start_charge,,starting to charge at Charger 5 (fid=5),583.6268224517564,,25.42236530282264,
Car 89,,,,77,,arrived,,arrived,584.7909534037916,,,
Car 75,,,,,9,switch,,"Charger 9 (fid=3) not available, trying Charger 0 (fid=308440)",584.9618020377213,0,,
Car 87,,,,,1,switch,,"Charger 1 (fid=308702) not available, trying Charger 0 (fid=308440)",585.2130266445018,0,,
Car 86,,,,,2,switch,,"Charger 2 (fid=307904) not available, trying Charger 3 (fid=307905)",585.3376874714129,3,,
Car 68,,,,,1,switch,,"Charger 1 (fid=308702) not available, trying Charger 5 (fid=5)",585.6880232589064,5,,
Car 81,,,,,3,switch,,"Charger 3 (fid=307905) not available, trying Charger 6 (fid=1)",585.81104119728,6,,
Car 85,,,,,9,switch,,"Charger 9 (fid=3) not available, trying Charger 1 (fid=308702)",586.0553334989089,1,,
Car 67,,,,,,gave_up,8,"no alternate charger available, gave up",586.8076426578299,,,
Car 90,,,,81,,arrived,,arrived,587.0417564951214,,,
Car 88,,,,,4,switch,,"Charger 4 (fid=308108) not available, trying Charger 9 (fid=3)",587.3403786792751,9,,
Car 74,,,,,9,switch,,"Charger 9 (fid=3) not available, trying Charger 7 (fid=2)",587.6849188718047,7,,
Car 91,,,,21,,arrived,,arrived,587.765930180164,,,
Car 70,,,,,7,switch,,"Charger 7 (fid=2) not available, trying Charger 8 (fid=91)",588.1176342411604,8,,
Car 89,,,,,6,switch,,"Charger 6 (fid=1) not available, trying Charger 4 (fid=308108)",589.7909534037916,4,,
Car 92,,,,51,,arrived,,arrived,589.875570854553,,,
Car 84,,,,,0,switch,,"Charger 0 (fid=308440) not available, trying Charger 9 (fid=3)",589.9213542083212,9,,
Car 86,,,,,3,switch,,"Charger 3 (fid=307905) not available, trying Charger 1 (fid=308702)",590.601313652977,1,,
Car 81,,,,,6,switch,,"Charger 6 (fid=1) not available, trying Charger 5 (fid=5)",592.0172315902214,5,,
Car 90,,,,,2,switch,,"Charger 2 (fid=307904) not available, trying Charger 3 (fid=307905)",592.0417564951214,3,,
Car 76,,,,,9,switch,,"Charger 9 (fid=3) not available, trying Charger 8 (fid=91)",592.5574879158843,8,,
Car 91,,,,,2,switch,,"Charger 2 (fid=307904) not available, trying Charger 3 (fid=307905)",592.765930180164,3,,
Car 87,,,,,0,switch,,"Charger 0 (fid=308440) not available, trying Charger 5 (fid=5)",593.3234792719003,5,,
Car 93,,,,46,,arrived,,arrived,593.3707529810573,,,
Car 94,,,,51,,arrived,,arrived,593.5354196741498,,,
Car 80,,,,,0,switch,,"Charger 0 (fid=308440) not available, trying Charger 9 (fid=3)",594.0568510702376,9,,
Car 68,,,,,,gave_up,5,"no alternate charger available, gave up",594.2431366163263,,,
Car 92,,,,,4,switch,,"Charger 4 (fid=308108) not available, trying Charger 6 (fid=1)",594.875570854553,6,,
Car 70,,,,,,gave_up,8,"no alternate charger available, gave up",594.9446254281892,,,
Car 75,,,,,0,switch,,"Charger 0 (fid=308440) not available, trying Charger 1 (fid=308702)",596.7852547054109,1,,
Car 90,,,,,3,switch,,"Charger 3 (fid=307905) not available, trying Charger 6 (fid=1)",597.3053826766854,6,,
Car 89,,,,,4,switch,,"Charger 4 (fid=308108) not available, trying Charger 2 (fid=307904)",597.6423328947511,2,,
Car 91,,,,,3,switch,,"Charger 3 (fid=307905) not available, trying Charger 6 (fid=1)",598.029556361728,6,,
Car 88,,,,,9,switch,,"Charger 9 (fid=3) not available, trying Charger 6 (fid=1)",598.2927305909054,6,,
Car 93,,,,,1,switch,,"Charger 1 (fid=308702) not available, trying Charger 5 (fid=5)",598.3707529810573,5,,
Car 94,,,,,4,switch,,"Charger 4 (fid=308108) not available, trying Charger 6 (fid=1)",598.5354196741498,6,,
Car 85,,,,,1,switch,,"Charger 1 (fid=308702) not available, trying Charger 0 (fid=308440)",598.9154032537981,0,,
Car 74,,,,,7,switch,,"Charger 7 (fid=2) not available, trying Charger 4 (fid=308108)",599.1947049985815,4,,
Car 40,101.0,91,8,,,done,,done charging,600.6563788679803,,,504.51034929985013
Car 76,,91,8,,,start_charge,,starting to charge at Charger 8 (fid=91),600.6563788679803,,30.981477542197467,
Car 95,,,,7,,arrived,,arrived,601.3124015351872,,,
Car 84,,,,,9,switch,,"Charger 9 (fid=3) not available, trying Charger 6 (fid=1)",601.7448068760108,6,,
Car 86,,,,,1,switch,,"Charger 1 (fid=308702) not available, trying Charger 6 (fid=1)",602.1054298627431,6,,
Car 92,,,,,6,switch,,"Charger 6 (fid=1) not available, trying Charger 2 (fid=307904)",602.7269503455125,2,,
Car 90,,,,,6,switch,,"Charger 6 (fid=1) not available, trying Charger 0 (fid=308440)",603.5115730696268,0,,
Car 87,,,,,5,switch,,"Charger 5 (fid=5) not available, trying Charger 2 (fid=307904)",603.8806625823674,2,,
Car 81,,,,,5,switch,,"Charger 5 (fid=5) not available, trying Charger 9 (fid=3)",604.1609243732637,9,,
Car 91,,,,,6,switch,,"Charger 6 (fid=1) not available, trying Charger 0 (fid=308440)",604.2357467546694,0,,
Car 75,,,,,1,switch,,"Charger 1 (fid=308702) not available, trying Charger 5 (fid=5)",604.8957073328094,5,,
Car 74,,,,,4,switch,,"Charger 4 (fid=308108) not available, trying Charger 8 (fid=91)",605.7974893985407,8,,
Car 80,,,,,9,switch,,"Charger 9 (fid=3) not available, trying Charger 8 (fid=91)",605.8803037379272,8,,
Car 89,,,,,2,switch,,"Charger 2 (fid=307904) not available, trying Charger 3 (fid=307905)",606.1484659093825,3,,
Car 95,,,,,4,switch,,"Charger 4 (fid=308108) not available, trying Charger 6 (fid=1)",606.3124015351872,6,,
Car 51,120.0,308440,0,,,done,,done charging,606.3812477738368,,,516.0337118323164
Car 85,,308440,0,,,start_charge,,starting to charge at Charger 0 (fid=308440),606.3812477738368,,19.355391892640228,
Car 94,,,,,6,switch,,"Charger 6 (fid=1) not available, trying Charger 2 (fid=307904)",606.3867991651093,2,,
Car 61,65.0,3,9,,,done,,done charging,606.4210582574858,,,771.0781792072647
Car 65,65.0,1,6,,,done,,done charging,606.607414160913,,,689.99101539056
Car 88,,1,6,,,start_charge,,starting to charge at Charger 6 (fid=1),606.607414160913,,12.480717420287192,
Car 93,,,,,5,switch,,"Charger 5 (fid=5) not available, trying Charger 0 (fid=308440)",606.9258663384772,0,,
Car 96,,,,115,,arrived,,arrived,607.4097187449653,,,
Car 92,,,,,2,switch,,"Charger 2 (fid=307904) not available, trying Charger 3 (fid=307905)",608.916803906833,3,,
Car 81,,3,9,,,start_charge,,starting to charge at Charger 9 (fid=3),610.9564180441758,,30.0,
Car 89,,,,,3,switch,,"Charger 3 (fid=307905) not available, trying Charger 9 (fid=3)",611.4120920909465,9,,
Car 96,,,,,0,switch,,"Charger 0 (fid=308440) not available, trying Charger 1 (fid=308702)",612.4097187449653,1,,
Car 94,,,,,2,switch,,"Charger 2 (fid=307904) not available, trying Charger 3 (fid=307905)",612.5766527264299,3,,
Car 84,,,,,6,switch,,"Charger 6 (fid=1) not available, trying Charger 2 (fid=307904)",612.5787730257312,2,,
Car 74,,,,,,gave_up,8,"no alternate charger available, gave up",613.0079010816218,,,
Car 75,,,,,,gave_up,5,"no alternate charger available, gave up",613.4508206902293,,,
Car 90,,,,,0,switch,,"Charger 0 (fid=308440) not available, trying Charger 8 (fid=91)",613.7906247798974,8,,
Car 86,,,,,6,switch,,"Charger 6 (fid=1) not available, trying Charger 5 (fid=5)",613.9693596650279,5,,
Car 95,,,,,6,switch,,"Charger 6 (fid=1) not available, trying Charger 7 (fid=2)",614.1637810261467,7,,
Car 92,,,,,3,switch,,"Charger 3 (fid=307905) not available, trying Charger 9 (fid=3)",614.1804300883971,9,,
Car 91,,,,,0,switch,,"Charger 0 (fid=308440) not available, trying Charger 8 (fid=91)",614.51479846494,8,,
Car 97,,,,37,,arrived,,arrived,615.2858041144436,,,
Car 98,,,,8,,arrived,,arrived,615.3787326079919,,,
Car 87,,,,,2,switch,,"Charger 2 (fid=307904) not available, trying Charger 3 (fid=307905)",616.0439694226686,3,,
Car 93,,,,,0,switch,,"Charger 0 (fid=308440) not available, trying Charger 2 (fid=307904)",617.4830496489444,2,,
Car 94,,,,,3,switch,,"Charger 3 (fid=307905) not available, trying Charger 9 (fid=3)",617.8402789079939,9,,
Car 80,,,,,8,switch,,"Charger 8 (fid=91) not available, trying Charger 1 (fid=308702)",617.9977171478257,1,,
Car 84,,,,,2,switch,,"Charger 2 (fid=307904) not available, trying Charger 3 (fid=307905)",618.7686265870517,3,,
Car 82,50.0,2,7,,,done,,done charging,619.1858864063393,,,151.01174745770555
Car 95,,2,7,,,start_charge,,starting to charge at Charger 7 (fid=2),619.1858864063393,,12.381754079835218,
Car 97,,,,,5,switch,,"Charger 5 (fid=5) not available, trying Charger 1 (fid=308702)",620.2858041144436,1,,
Car 98,,,,,5,switch,,"Charger 5 (fid=5) not available, trying Charger 1 (fid=308702)",620.3787326079919,1,,
Car 96,,,,,1,switch,,"Charger 1 (fid=308702) not available, trying Charger 2 (fid=307904)",620.5201713723637,2,,
Car 62,93.0,1,6,,,done,,done charging,621.0269979209037,,,403.6618772101498
Car 87,,,,,3,switch,,"Charger 3 (fid=307905) not available, trying Charger 6 (fid=1)",621.3075956042327,6,,
Car 99,,,,31,,arrived,,arrived,621.6629474703486,,,
Car 87,,1,6,,,start_charge,,starting to charge at Charger 6 (fid=1),622.5137859971741,,25.0,
Car 89,,,,,9,switch,,"Charger 9 (fid=3) not available, trying Charger 7 (fid=2)",622.8755938648667,7,,
Car 84,,,,,3,switch,,"Charger 3 (fid=307905) not available, trying Charger 4 (fid=308108)",624.0322527686158,4,,
Car 100,,,,45,,arrived,,arrived,624.6342962653622,,,
Car 72,52.0,3,9,,,done,,done charging,625.0846183364775,,,740.8486420689767
Car 92,,3,9,,,start_charge,,starting to charge at Charger 9 (fid=3),625.0846183364775,,24.440686474160316,
Car 90,,,,,8,switch,,"Charger 8 (fid=91) not available, trying Charger 7 (fid=2)",625.7914674771397,7,,
Car 86,,,,,5,switch,,"Charger 5 (fid=5) not available, trying Charger 9 (fid=3)",626.1130524480702,9,,
Car 91,,,,,8,switch,,"Charger 8 (fid=91) not available, trying Charger 7 (fid=2)",626.5156411621823,7,,
Car 99,,,,,0,switch,,"Charger 0 (fid=308440) not available, trying Charger 2 (fid=307904)",626.6629474703486,2,,
Car 93,,,,,2,switch,,"Charger 2 (fid=307904) not available, trying Charger 3 (fid=307905)",626.8195371478377,3,,
Car 101,,,,4,,arrived,,arrived,627.0919947308779,,,
Car 73,64.0,307905,3,,,done,,done charging,627.312858527228,,,638.5159451612611
Car 93,,307905,3,,,start_charge,,starting to charge at Charger 3 (fid=307905),627.312858527228,,20.22969519782623,
Car 97,,,,,1,switch,,"Charger 1 (fid=308702) not available, trying Charger 0 (fid=308440)",628.8409174718636,0,,
Car 98,,,,,1,switch,,"Charger 1 (fid=308702) not available, trying Charger 9 (fid=3)",628.9338459654118,9,,
Car 94,,,,,9,switch,,"Charger 9 (fid=3) not available, trying Charger 7 (fid=2)",629.3037806819141,7,,
Car 100,,,,,9,switch,,"Charger 9 (fid=3) not available, trying Charger 6 (fid=1)",629.6342962653622,6,,
Car 96,,,,,2,switch,,"Charger 2 (fid=307904) not available, trying Charger 3 (fid=307905)",632.0079507505092,3,,
Car 101,,,,,6,switch,,"Charger 6 (fid=1) not available, trying Charger 2 (fid=307904)",632.0919947308779,2,,
Car 80,,,,,1,switch,,"Charger 1 (fid=308702) not available, trying Charger 5 (fid=5)",632.1498517243201,5,,
Car 84,,,,,4,switch,,"Charger 4 (fid=308108) not available, trying Charger 7 (fid=2)",632.554722614868,7,,
Car 90,,,,,7,switch,,"Charger 7 (fid=2) not available, trying Charger 4 (fid=308108)",632.6184586641684,4,,
Car 91,,,,,7,switch,,"Charger 7 (fid=2) not available, trying Charger 4 (fid=308108)",633.342632349211,4,,
Car 89,,,,,7,switch,,"Charger 7 (fid=2) not available, trying Charger 8 (fid=91)",634.3853799916435,8,,
Car 102,,,,26,,arrived,,arrived,635.3649338193736,,,
Car 99,,,,,2,switch,,"Charger 2 (fid=307904) not available, trying Charger 3 (fid=307905)",635.9994349692419,3,,
Car 103,,,,56,,arrived,,arrived,636.730629571708,,,
Car 97,,,,,0,switch,,"Charger 0 (fid=308440) not available, trying Charger 9 (fid=3)",636.951370099262,9,,
Car 96,,,,,3,switch,,"Charger 3 (fid=307905) not available, trying Charger 6 (fid=1)",637.2715769320732,6,,
Car 86,,,,,9,switch,,"Charger 9 (fid=3) not available, trying Charger 8 (fid=91)",637.9085461189824,8,,
Car 101,,,,,2,switch,,"Charger 2 (fid=307904) not available, trying Charger 3 (fid=307905)",638.2818482921984,3,,
Car 84,,,,,7,switch,,"Charger 7 (fid=2) not available, trying Charger 8 (fid=91)",639.1575070148272,8,,
Car 90,,,,,4,switch,,"Charger 4 (fid=308108) not available, trying Charger 1 (fid=308702)",639.2212430641276,1,,
Car 91,,,,,4,switch,,"Charger 4 (fid=308108) not available, trying Charger 1 (fid=308702)",639.9454167491702,1,,
Car 77,92.0,308702,1,,,done,,done charging,640.0261270662279,,,270.1505183671852
Car 102,,,,,0,switch,,"Charger 0 (fid=308440) not available, trying Charger 2 (fid=307904)",640.3649338193736,2,,
Car 100,,,,,6,switch,,"Charger 6 (fid=1) not available, trying Charger 2 (fid=307904)",640.4682624150826,2,,
Car 80,,,,,,gave_up,5,"no alternate charger available, gave up",640.70496508174,,,
Car 94,,,,,7,switch,,"Charger 7 (fid=2) not available, trying Charger 8 (fid=91)",640.8135668086909,8,,
Car 89,,,,,8,switch,,"Charger 8 (fid=91) not available, trying Charger 5 (fid=5)",641.2123711786722,5,,
Car 99,,,,,3,switch,,"Charger 3 (fid=307905) not available, trying Charger 1 (fid=308702)",641.2630611508059,1,,
Car 103,,,,,0,switch,,"Charger 0 (fid=308440) not available, trying Charger 1 (fid=308702)",641.730629571708,1,,
Car 98,,,,,9,switch,,"Charger 9 (fid=3) not available, trying Charger 0 (fid=308440)",641.793915720301,0,,
Car 96,,,,,6,switch,,"Charger 6 (fid=1) not available, trying Charger 5 (fid=5)",643.4777673250146,5,,
Car 101,,,,,3,switch,,"Charger 3 (fid=307905) not available, trying Charger 7 (fid=2)",643.5454744737625,7,,
Car 103,,308702,1,,,start_charge,,starting to charge at Charger 1 (fid=308702),644.8410821991065,,5.0,
Car 84,,,,,,gave_up,8,"no alternate charger available, gave up",645.9844982018559,,,
Car 78,63.0,5,5,,,done,,done charging,646.6268224517564,,,466.33762406727806
Car 100,,,,,2,switch,,"Charger 2 (fid=307904) not available, trying Charger 3 (fid=307905)",646.6581159764031,3,,
Car 50,113.0,2,7,,,done,,done charging,647.009463582132,,,613.9376621141417
Car 101,,2,7,,,start_charge,,starting to charge at Charger 7 (fid=2),647.009463582132,,15.152547452719432,
Car 94,,,,,8,switch,,"Charger 8 (fid=91) not available, trying Charger 0 (fid=308440)",647.6405579957196,0,,
Car 79,76.0,307904,2,,,done,,done charging,648.3473313272378,,,470.84296197949635
Car 102,,307904,2,,,start_charge,,starting to charge at Charger 2 (fid=307904),648.3473313272378,,8.645910008970986,
Car 97,,,,,9,switch,,"Charger 9 (fid=3) not available, trying Charger 6 (fid=1)",648.7748227669516,6,,
Car 86,,,,,8,switch,,"Charger 8 (fid=91) not available, trying Charger 7 (fid=2)",650.0259595288809,7,,
Car 96,,5,5,,,start_charge,,starting to charge at Charger 5 (fid=5),650.6214601080569,,25.0,
Car 60,104.0,308108,4,,,done,,done charging,650.9090179171701,,,546.1989280284025
Car 54,111.0,91,8,,,done,,done charging,651.1374356854312,,,516.3459010284623
Car 100,,,,,3,switch,,"Charger 3 (fid=307905) not available, trying Charger 5 (fid=5)",651.9217421579672,5,,
Car 90,,,,,1,switch,,"Charger 1 (fid=308702) not available, trying Charger 9 (fid=3)",652.619319194375,9,,
Car 58,106.0,308702,1,,,done,,done charging,652.6529611778296,,,549.1228224508654
Car 99,,308702,1,,,start_charge,,starting to charge at Charger 1 (fid=308702),652.6529611778296,,19.88578381725756,
Car 104,,,,73,,arrived,,arrived,652.7576317288322,,,
Car 91,,,,,1,switch,,"Charger 1 (fid=308702) not available, trying Charger 9 (fid=3)",653.3434928794176,9,,
Car 98,,,,,0,switch,,"Charger 0 (fid=308440) not available, trying Charger 6 (fid=1)",653.6173683879906,6,,
Car 105,,,,38,,arrived,,arrived,655.655826561245,,,
Car 89,,,,,5,switch,,"Charger 5 (fid=5) not available, trying Charger 0 (fid=308440)",655.6589286253926,0,,
Car 86,,,,,7,switch,,"Charger 7 (fid=2) not available, trying Charger 4 (fid=308108)",656.8529507159096,4,,
Car 104,,,,,5,switch,,"Charger 5 (fid=5) not available, trying Charger 1 (fid=308702)",657.7576317288322,1,,
Car 86,,308108,4,,,start_charge,,starting to charge at Charger 4 (fid=308108),658.4557351158688,,45.0,
Car 97,,,,,6,switch,,"Charger 6 (fid=1) not available, trying Charger 2 (fid=307904)",659.608788916672,2,,
Car 94,,,,,0,switch,,"Charger 0 (fid=308440) not available, trying Charger 5 (fid=5)",659.641400692962,5,,
Car 105,,,,,5,switch,,"Charger 5 (fid=5) not available, trying Charger 1 (fid=308702)",660.655826561245,1,,
Car 98,,,,,6,switch,,"Charger 6 (fid=1) not available, trying Charger 4 (fid=308108)",663.8964200982612,4,,
Car 100,,,,,5,switch,,"Charger 5 (fid=5) not available, trying Charger 0 (fid=308440)",664.1013858298891,0,,
Car 90,,,,,9,switch,,"Charger 9 (fid=3) not available, trying Charger 5 (fid=5)",665.4793889492641,5,,
Car 97,,,,,2,switch,,"Charger 2 (fid=307904) not available, trying Charger 3 (fid=307905)",665.7986424779925,3,,
Car 91,,,,,9,switch,,"Charger 9 (fid=3) not available, trying Charger 5 (fid=5)",666.2035626343068,5,,
Car 89,,,,,0,switch,,"Charger 0 (fid=308440) not available, trying Charger 1 (fid=308702)",666.2161119358598,1,,
Car 104,,,,,1,switch,,"Charger 1 (fid=308702) not available, trying Charger 0 (fid=308440)",666.3127450862521,0,,
Car 81,57.0,3,9,,,done,,done charging,667.9564180441758,,,507.1358079480998
Car 106,,,,29,,arrived,,arrived,668.5311009233928,,,
Car 105,,,,,1,switch,,"Charger 1 (fid=308702) not available, trying Charger 0 (fid=308440)",669.210939918665,0,,
Car 94,,,,,5,switch,,"Charger 5 (fid=5) not available, trying Charger 1 (fid=308702)",670.1985840034291,1,,
Car 83,104.0,5,5,,,done,,done charging,670.8316498922892,,,205.3404214863495
Car 97,,,,,3,switch,,"Charger 3 (fid=307905) not available, trying Charger 4 (fid=308108)",671.0622686595566,4,,
Car 98,,,,,4,switch,,"Charger 4 (fid=308108) not available, trying Charger 2 (fid=307904)",671.7477995892207,2,,
Car 90,,5,5,,,start_charge,,starting to charge at Charger 5 (fid=5),672.2748826201763,,45.0,
Car 106,,,,,1,switch,,"Charger 1 (fid=308702) not available, trying Charger 0 (fid=308440)",673.5311009233928,0,,
Car 69,117.0,308108,4,,,done,,done charging,673.8180276141645,,,482.57987885109924
Car 89,,,,,,gave_up,1,"no alternate charger available, gave up",674.3265645632582,,,
Car 104,,,,,0,switch,,"Charger 0 (fid=308440) not available, trying Charger 9 (fid=3)",674.4231977136506,9,,
Car 97,,308108,4,,,start_charge,,starting to charge at Charger 4 (fid=308108),674.5847385058088,,35.0,
Car 100,,,,,0,switch,,"Charger 0 (fid=308440) not available, trying Charger 4 (fid=308108)",674.6585691403562,4,,
Car 107,,,,70,,arrived,,arrived,676.0762500476026,,,
Car 105,,,,,0,switch,,"Charger 0 (fid=308440) not available, trying Charger 6 (fid=1)",677.3213925460634,6,,
Car 71,108.0,308440,0,,,done,,done charging,677.5880755314859,,,586.9980956622358
Car 107,,308440,0,,,start_charge,,starting to charge at Charger 0 (fid=308440),677.5880755314859,,1.5118254838832854,
Car 91,,,,,,gave_up,5,"no alternate charger available, gave up",677.9990563052189,,,
Car 108,,,,5,,arrived,,arrived,678.340411767871,,,
Car 94,,,,,,gave_up,1,"no alternate charger available, gave up",678.7536973608491,,,
Car 109,,,,73,,arrived,,arrived,679.4034148900853,,,
Car 98,,,,,2,switch,,"Charger 2 (fid=307904) not available, trying Charger 3 (fid=307905)",680.253932603852,3,,
Car 104,,3,9,,,start_charge,,starting to charge at Charger 9 (fid=3),681.2466503813401,,15.0,
Car 106,,,,,0,switch,,"Charger 0 (fid=308440) not available, trying Charger 5 (fid=5)",681.6415535507913,5,,
Car 110,,,,40,,arrived,,arrived,682.6486866906213,,,
Car 108,,,,,5,switch,,"Charger 5 (fid=5) not available, trying Charger 1 (fid=308702)",683.340411767871,1,,
Car 109,,,,,5,switch,,"Charger 5 (fid=5) not available, trying Charger 1 (fid=308702)",684.4034148900853,1,,
Car 98,,,,,3,switch,,"Charger 3 (fid=307905) not available, trying Charger 7 (fid=2)",685.5175587854161,7,,
Car 100,,,,,4,switch,,"Charger 4 (fid=308108) not available, trying Charger 7 (fid=2)",687.0200281834041,7,,
Car 105,,,,,6,switch,,"Charger 6 (fid=1) not available, trying Charger 2 (fid=307904)",687.600444256334,2,,
Car 110,,,,,9,switch,,"Charger 9 (fid=3) not available, trying Charger 6 (fid=1)",687.6486866906213,6,,
Car 111,,,,49,,arrived,,arrived,688.4825356258248,,,
Car 112,,,,63,,arrived,,arrived,688.7123391741613,,,
Car 108,,,,,1,switch,,"Charger 1 (fid=308702) not available, trying Charger 0 (fid=308440)",691.895525125291,0,,
Car 106,,,,,5,switch,,"Charger 5 (fid=5) not available, trying Charger 2 (fid=307904)",692.1987368612585,2,,
Car 109,,,,,1,switch,,"Charger 1 (fid=308702) not available, trying Charger 0 (fid=308440)",692.9585282475052,0,,
Car 111,,,,,1,switch,,"Charger 1 (fid=308702) not available, trying Charger 5 (fid=5)",693.4825356258248,5,,
Car 100,,,,,7,switch,,"Charger 7 (fid=2) not available, trying Charger 1 (fid=308702)",693.6228125833633,1,,
Car 112,,,,,5,switch,,"Charger 5 (fid=5) not available, trying Charger 1 (fid=308702)",693.7123391741613,1,,
Car 105,,,,,2,switch,,"Charger 2 (fid=307904) not available, trying Charger 3 (fid=307905)",693.7902978176545,3,,
Car 98,,,,,7,switch,,"Charger 7 (fid=2) not available, trying Charger 8 (fid=91)",693.8290004410661,8,,
Car 98,,91,8,,,start_charge,,starting to charge at Charger 8 (fid=91),695.6559916280949,,45.0,
Car 110,,,,,6,switch,,"Charger 6 (fid=1) not available, trying Charger 4 (fid=308108)",698.4826528403416,4,,
Car 105,,,,,3,switch,,"Charger 3 (fid=307905) not available, trying Charger 9 (fid=3)",699.0539239992186,9,,
Car 113,,,,7,,arrived,,arrived,699.554589165612,,,
Car 108,,,,,0,switch,,"Charger 0 (fid=308440) not available, trying Charger 9 (fid=3)",700.0059777526894,9,,
Car 87,78.0,1,6,,,done,,done charging,700.5137859971741,,,572.1213718683803
Car 109,,,,,0,switch,,"Charger 0 (fid=308440) not available, trying Charger 9 (fid=3)",701.0689808749037,9,,
Car 111,,,,,5,switch,,"Charger 5 (fid=5) not available, trying Charger 0 (fid=308440)",702.0376489832447,0,,
Car 112,,,,,1,switch,,"Charger 1 (fid=308702) not available, trying Charger 0 (fid=308440)",702.2674525315813,0,,
Car 102,55.0,307904,2,,,done,,done charging,703.3473313272378,,,289.4484736348722
Car 106,,307904,2,,,start_charge,,starting to charge at Charger 2 (fid=307904),703.3473313272378,,18.98528762567821,
Car 113,,,,,4,switch,,"Charger 4 (fid=308108) not available, trying Charger 6 (fid=1)",704.554589165612,6,,
Car 76,105.0,91,8,,,done,,done charging,705.6563788679803,,,520.6154241061007
Car 110,,,,,4,switch,,"Charger 4 (fid=308108) not available, trying Charger 2 (fid=307904)",706.3340323313012,2,,
Car 100,,,,,1,switch,,"Charger 1 (fid=308702) not available, trying Charger 8 (fid=91)",706.8359284030884,8,,
Car 113,,1,6,,,start_charge,,starting to charge at Charger 6 (fid=1),707.4059686565715,,5.0,
Car 114,,,,115,,arrived,,arrived,708.2844590249335,,,
Car 88,102.0,1,6,,,done,,done charging,708.607414160913,,,304.87228610369186
Car 112,,,,,0,switch,,"Charger 0 (fid=308440) not available, trying Charger 9 (fid=3)",710.3779051589797,9,,
Car 105,,,,,9,switch,,"Charger 9 (fid=3) not available, trying Charger 7 (fid=2)",710.5174257731387,7,,
Car 108,,,,,9,switch,,"Charger 9 (fid=3) not available, trying Charger 6 (fid=1)",711.829430420379,6,,
Car 111,,,,,0,switch,,"Charger 0 (fid=308440) not available, trying Charger 2 (fid=307904)",712.5948322937119,2,,
Car 109,,,,,9,switch,,"Charger 9 (fid=3) not available, trying Charger 6 (fid=1)",712.8924335425933,6,,
Car 114,,,,,0,switch,,"Charger 0 (fid=308440) not available, trying Charger 1 (fid=308702)",713.2844590249335,1,,
Car 86,55.0,308108,4,,,done,,done charging,713.4557351158688,,,538.4661425083259
Car 110,,,,,2,switch,,"Charger 2 (fid=307904) not available, trying Charger 3 (fid=307905)",714.8401653459325,3,,
Car 115,,,,55,,arrived,,arrived,715.3847026613844,,,
Car 100,,91,8,,,start_charge,,starting to charge at Charger 8 (fid=91),715.9880629795828,,45.0,
Car 108,,1,6,,,start_charge,,starting to charge at Charger 6 (fid=1),717.6633965700994,,20.0,
Car 116,,,,16,,arrived,,arrived,718.2459649055145,,,
Car 103,75.0,308702,1,,,done,,done charging,719.8410821991065,,,358.25678534078827
Car 114,,308702,1,,,start_charge,,starting to charge at Charger 1 (fid=308702),719.8410821991065,,8.44617054677451,
Car 110,,,,,3,switch,,"Charger 3 (fid=307905) not available, trying Charger 7 (fid=2)",720.1037915274966,7,,
Car 117,,,,54,,arrived,,arrived,720.3715385304915,,,
Car 115,,,,,0,switch,,"Charger 0 (fid=308440) not available, trying Charger 1 (fid=308702)",720.3847026613844,1,,
Car 85,115.0,308440,0,,,done,,done charging,721.3812477738368,,,475.1967713755742
Car 116,,308440,0,,,start_charge,,starting to charge at Charger 0 (fid=308440),721.3812477738368,,3.1352828683222924,
Car 118,,,,77,,arrived,,arrived,721.8067595109171,,,
Car 111,,,,,2,switch,,"Charger 2 (fid=307904) not available, trying Charger 3 (fid=307905)",721.9313197926051,3,,
Car 105,,,,,7,switch,,"Charger 7 (fid=2) not available, trying Charger 4 (fid=308108)",722.0272118999155,4,,
Car 112,,,,,9,switch,,"Charger 9 (fid=3) not available, trying Charger 6 (fid=1)",722.2013578266693,6,,
Car 119,,,,70,,arrived,,arrived,723.4263026040397,,,
Car 105,,308108,4,,,start_charge,,starting to charge at Charger 4 (fid=308108),723.6299962998747,,40.0,
Car 109,,,,,6,switch,,"Charger 6 (fid=1) not available, trying Charger 2 (fid=307904)",723.7263996923136,2,,
Car 117,,,,,0,switch,,"Charger 0 (fid=308440) not available, trying Charger 1 (fid=308702)",725.3715385304915,1,,
Car 92,101.0,3,9,,,done,,done charging,726.0846183364775,,,321.31895124610867
Car 120,,,,43,,arrived,,arrived,726.7284995386434,,,
Car 118,,,,,6,switch,,"Charger 6 (fid=1) not available, trying Charger 4 (fid=308108)",726.8067595109171,4,,
Car 111,,,,,3,switch,,"Charger 3 (fid=307905) not available, trying Charger 6 (fid=1)",727.1949459741692,6,,
Car 93,101.0,307905,3,,,done,,done charging,728.312858527228,,,487.0317319783083
Car 110,,,,,7,switch,,"Charger 7 (fid=2) not available, trying Charger 8 (fid=91)",728.4152331831466,8,,
Car 119,,,,,0,switch,,"Charger 0 (fid=308440) not available, trying Charger 1 (fid=308702)",728.4263026040397,1,,
Car 115,,,,,1,switch,,"Charger 1 (fid=308702) not available, trying Charger 2 (fid=307904)",728.4951552887828,2,,
Car 109,,,,,2,switch,,"Charger 2 (fid=307904) not available, trying Charger 3 (fid=307905)",729.9162532536342,3,,
Car 109,,307905,3,,,start_charge,,starting to charge at Charger 3 (fid=307905),730.1798794351982,,30.0,
Car 104,49.0,3,9,,,done,,done charging,730.2466503813401,,,434.88920660293024
Car 120,,,,,1,switch,,"Charger 1 (fid=308702) not available, trying Charger 5 (fid=5)",731.7284995386434,5,,
Car 96,82.0,5,5,,,done,,done charging,732.6214601080569,,,477.5408608663005
Car 99,80.0,308702,1,,,done,,done charging,732.6529611778296,,,345.5871267593948
Car 117,,308702,1,,,start_charge,,starting to charge at Charger 1 (fid=308702),732.6529611778296,,9.17097001993966,
Car 112,,,,,6,switch,,"Charger 6 (fid=1) not available, trying Charger 2 (fid=307904)",733.0353239763897,2,,
Car 111,,,,,6,switch,,"Charger 6 (fid=1) not available, trying Charger 9 (fid=3)",733.4011363671106,9,,
Car 90,62.0,5,5,,,done,,done charging,734.2748826201763,,,529.6952358544814
Car 118,,,,,4,switch,,"Charger 4 (fid=308108) not available, trying Charger 2 (fid=307904)",734.6581390018766,2,,
Car 110,,,,,8,switch,,"Charger 8 (fid=91) not available, trying Charger 5 (fid=5)",735.2422243701753,5,,
Car 120,,5,5,,,start_charge,,starting to charge at Charger 5 (fid=5),735.2836128960633,,5.0,
Car 119,,,,,1,switch,,"Charger 1 (fid=308702) not available, trying Charger 2 (fid=307904)",736.5367552314382,2,,
Car 121,,,,74,,arrived,,arrived,737.4473858892289,,,
Car 95,119.0,2,7,,,done,,done charging,738.1858864063393,,,181.94556477237415
Car 101,92.0,2,7,,,done,,done charging,739.009463582132,,,306.9867245526059
Car 122,,,,58,,arrived,,arrived,739.206780484065,,,
Car 122,,2,7,,,start_charge,,starting to charge at Charger 7 (fid=2),739.206780484065,,0.0,
Car 112,,,,,2,switch,,"Charger 2 (fid=307904) not available, trying Charger 3 (fid=307905)",739.2251775377102,3,,
Car 111,,3,9,,,start_charge,,starting to charge at Charger 9 (fid=3),739.2351025168309,,30.0,
Car 115,,,,,2,switch,,"Charger 2 (fid=307904) not available, trying Charger 3 (fid=307905)",739.9829346669283,3,,
Car 123,,,,77,,arrived,,arrived,741.7206796925981,,,
Car 121,,,,,2,switch,,"Charger 2 (fid=307904) not available, trying Charger 3 (fid=307905)",742.4473858892289,3,,
Car 124,,,,39,,arrived,,arrived,742.5625677531,,,
Car 124,,3,9,,,start_charge,,starting to charge at Charger 9 (fid=3),742.5625677531,,0.0,
Car 118,,,,,2,switch,,"Charger 2 (fid=307904) not available, trying Charger 3 (fid=307905)",743.164272016508,3,,
Car 125,,,,89,,arrived,,arrived,743.8968944437867,,,
Car 112,,,,,3,switch,,"Charger 3 (fid=307905) not available, trying Charger 4 (fid=308108)",744.4888037192743,4,,
Car 98,49.0,91,8,,,done,,done charging,744.6559916280949,,,692.5099960789338
Car 125,,91,8,,,start_charge,,starting to charge at Charger 8 (fid=91),744.6559916280949,,0.7590971843081888,
Car 110,,5,5,,,start_charge,,starting to charge at Charger 5 (fid=5),744.6887818168957,,35.0,
Car 115,,,,,3,switch,,"Charger 3 (fid=307905) not available, trying Charger 5 (fid=5)",745.2465608484923,5,,
Car 123,,,,,6,switch,,"Charger 6 (fid=1) not available, trying Charger 4 (fid=308108)",746.7206796925981,4,,
Car 126,,,,45,,arrived,,arrived,746.9614371499372,,,
Car 121,,,,,3,switch,,"Charger 3 (fid=307905) not available, trying Charger 6 (fid=1)",747.711012070793,6,,
Car 119,,,,,2,switch,,"Charger 2 (fid=307904) not available, trying Charger 3 (fid=307905)",748.0245346095836,3,,
Car 118,,,,,3,switch,,"Charger 3 (fid=307905) not available, trying Charger 9 (fid=3)",748.4278981980721,9,,
Car 107,71.0,308440,0,,,done,,done charging,748.5880755314859,,,107.15313332298842
Car 127,,,,87,,arrived,,arrived,749.2799246591205,,,
Car 126,,,,,9,switch,,"Charger 9 (fid=3) not available, trying Charger 6 (fid=1)",751.9614371499372,6,,
Car 112,,,,,4,switch,,"Charger 4 (fid=308108) not available, trying Charger 7 (fid=2)",753.0112735655265,7,,
Car 119,,,,,3,switch,,"Charger 3 (fid=307905) not available, trying Charger 6 (fid=1)",753.2881607911477,6,,
Car 121,,,,,6,switch,,"Charger 6 (fid=1) not available, trying Charger 0 (fid=308440)",753.9172024637344,0,,
Car 127,,,,,8,switch,,"Charger 8 (fid=91) not available, trying Charger 7 (fid=2)",754.2799246591205,7,,
Car 106,51.0,307904,2,,,done,,done charging,754.3473313272378,,,582.4187580096094
Car 123,,,,,4,switch,,"Charger 4 (fid=308108) not available, trying Charger 2 (fid=307904)",754.5720591835576,2,,
Car 112,,2,7,,,start_charge,,starting to charge at Charger 7 (fid=2),754.6140579654857,,40.0,
Car 97,81.0,308108,4,,,done,,done charging,755.5847385058088,,,546.1989280284025
Car 128,,,,57,,arrived,,arrived,756.1818852718789,,,
Car 128,,308440,0,,,start_charge,,starting to charge at Charger 0 (fid=308440),756.1818852718789,,0.0,
Car 115,,,,,5,switch,,"Charger 5 (fid=5) not available, trying Charger 6 (fid=1)",757.4262045204142,6,,
Car 123,,307904,2,,,start_charge,,starting to charge at Charger 2 (fid=307904),758.078192198189,,10.0,
Car 119,,,,,6,switch,,"Charger 6 (fid=1) not available, trying Charger 5 (fid=5)",759.494351184089,5,,
Car 118,,,,,9,switch,,"Charger 9 (fid=3) not available, trying Charger 7 (fid=2)",759.8913999719922,7,,
Car 127,,,,,7,switch,,"Charger 7 (fid=2) not available, trying Charger 4 (fid=308108)",761.1069158461493,4,,
Car 127,,308108,4,,,start_charge,,starting to charge at Charger 4 (fid=308108),762.7097002461085,,10.0,
Car 126,,,,,6,switch,,"Charger 6 (fid=1) not available, trying Charger 2 (fid=307904)",762.7954032996576,2,,
Car 129,,,,72,,arrived,,arrived,763.1104313005076,,,
Car 121,,,,,0,switch,,"Charger 0 (fid=308440) not available, trying Charger 8 (fid=91)",764.1962541740049,8,,
Car 130,,,,78,,arrived,,arrived,766.4143733247087,,,
Car 131,,,,30,,arrived,,arrived,767.6063405684473,,,
Car 129,,,,,0,switch,,"Charger 0 (fid=308440) not available, trying Charger 1 (fid=308702)",768.1104313005076,1,,
Car 113,61.0,1,6,,,done,,done charging,768.4059686565715,,,160.30575938856296
Car 115,,1,6,,,start_charge,,starting to charge at Charger 6 (fid=1),768.4059686565715,,28.836071353115017,
Car 126,,,,,2,switch,,"Charger 2 (fid=307904) not available, trying Charger 3 (fid=307905)",768.9852568609781,3,,
Car 118,,,,,7,switch,,"Charger 7 (fid=2) not available, trying Charger 8 (fid=91)",771.401186098769,8,,
Car 130,,,,,5,switch,,"Charger 5 (fid=5) not available, trying Charger 9 (fid=3)",771.4143733247087,9,,
Car 119,,,,,5,switch,,"Charger 5 (fid=5) not available, trying Charger 9 (fid=3)",771.6380439671314,9,,
Car 131,,,,,0,switch,,"Charger 0 (fid=308440) not available, trying Charger 2 (fid=307904)",772.6063405684473,2,,
Car 126,,,,,3,switch,,"Charger 3 (fid=307905) not available, trying Charger 5 (fid=5)",774.2488830425422,5,,
Car 132,,,,34,,arrived,,arrived,776.1967419807718,,,
Car 121,,,,,8,switch,,"Charger 8 (fid=91) not available, trying Charger 7 (fid=2)",776.1970968712473,7,,
Car 129,,,,,1,switch,,"Charger 1 (fid=308702) not available, trying Charger 2 (fid=307904)",776.220883927906,2,,
Car 118,,,,,8,switch,,"Charger 8 (fid=91) not available, trying Charger 5 (fid=5)",778.2281772857978,5,,
Car 132,,,,,1,switch,,"Charger 1 (fid=308702) not available, trying Charger 0 (fid=308440)",781.1967419807718,0,,
Car 131,,,,,2,switch,,"Charger 2 (fid=307904) not available, trying Charger 3 (fid=307905)",781.9428280673405,3,,
Car 121,,,,,7,switch,,"Charger 7 (fid=2) not available, trying Charger 4 (fid=308108)",783.024088058276,4,,
Car 130,,,,,9,switch,,"Charger 9 (fid=3) not available, trying Charger 0 (fid=308440)",783.2098669956208,0,,
Car 119,,,,,9,switch,,"Charger 9 (fid=3) not available, trying Charger 7 (fid=2)",783.4335376380435,7,,
Car 133,,,,69,,arrived,,arrived,783.736491018209,,,
Car 116,64.0,308440,0,,,done,,done charging,785.3812477738368,,,203.64786556725295
Car 133,,308440,0,,,start_charge,,starting to charge at Charger 0 (fid=308440),785.3812477738368,,1.6447567556277818,
Car 134,,,,39,,arrived,,arrived,786.0093012620122,,,
Car 126,,,,,5,switch,,"Charger 5 (fid=5) not available, trying Charger 0 (fid=308440)",786.428526714464,0,,
Car 131,,,,,3,switch,,"Charger 3 (fid=307905) not available, trying Charger 1 (fid=308702)",787.2064542489046,1,,
Car 129,,,,,2,switch,,"Charger 2 (fid=307904) not available, trying Charger 3 (fid=307905)",787.7086633060514,3,,
Car 135,,,,1,,arrived,,arrived,788.6975176696083,,,
Car 132,,,,,0,switch,,"Charger 0 (fid=308440) not available, trying Charger 5 (fid=5)",789.3071946081702,5,,
Car 121,,,,,4,switch,,"Charger 4 (fid=308108) not available, trying Charger 1 (fid=308702)",789.6268724582352,1,,
Car 134,,,,,9,switch,,"Charger 9 (fid=3) not available, trying Charger 6 (fid=1)",791.0093012620122,6,,
Car 136,,,,74,,arrived,,arrived,791.5578984414287,,,
Car 118,,,,,5,switch,,"Charger 5 (fid=5) not available, trying Charger 0 (fid=308440)",792.6747347325181,0,,
Car 129,,,,,3,switch,,"Charger 3 (fid=307905) not available, trying Charger 6 (fid=1)",792.9722894876155,6,,
Car 135,,,,,6,switch,,"Charger 6 (fid=1) not available, trying Charger 2 (fid=307904)",793.6975176696083,2,,
Car 119,,,,,7,switch,,"Charger 7 (fid=2) not available, trying Charger 8 (fid=91)",794.9433237648203,8,,
Car 130,,,,,0,switch,,"Charger 0 (fid=308440) not available, trying Charger 1 (fid=308702)",795.0333196633104,1,,
Car 109,65.0,307905,3,,,done,,done charging,795.1798794351982,,,470.3216603425893
Car 120,61.0,5,5,,,done,,done charging,796.2836128960633,,,249.6213205840353
Car 132,,5,5,,,start_charge,,starting to charge at Charger 5 (fid=5),796.2836128960633,,11.419234977425958,
Car 136,,,,,2,switch,,"Charger 2 (fid=307904) not available, trying Charger 3 (fid=307905)",796.5578984414287,3,,
Car 117,64.0,308702,1,,,done,,done charging,796.6529611778296,,,238.00146318427056
Car 131,,308702,1,,,start_charge,,starting to charge at Charger 1 (fid=308702),796.6529611778296,,17.94239071915888,
Car 136,,307905,3,,,start_charge,,starting to charge at Charger 3 (fid=307905),796.8215246229928,,5.0,
Car 126,,,,,0,switch,,"Charger 0 (fid=308440) not available, trying Charger 4 (fid=308108)",796.9857100249312,4,,
Car 129,,,,,6,switch,,"Charger 6 (fid=1) not available, trying Charger 5 (fid=5)",799.1784798805569,5,,
Car 135,,,,,2,switch,,"Charger 2 (fid=307904) not available, trying Charger 3 (fid=307905)",799.8873712309288,3,,
Car 111,62.0,3,9,,,done,,done charging,801.2351025168309,,,743.2174512153364
Car 137,,,,65,,arrived,,arrived,801.718320233507,,,
Car 119,,,,,8,switch,,"Charger 8 (fid=91) not available, trying Charger 4 (fid=308108)",801.7703149518491,4,,
Car 134,,,,,6,switch,,"Charger 6 (fid=1) not available, trying Charger 4 (fid=308108)",801.8432674117325,4,,
Car 121,,,,,1,switch,,"Charger 1 (fid=308702) not available, trying Charger 9 (fid=3)",803.0249485884825,9,,
Car 123,45.0,307904,2,,,done,,done charging,803.078192198189,,,280.6474449116342
Car 130,,,,,1,switch,,"Charger 1 (fid=308702) not available, trying Charger 6 (fid=1)",803.1437722907089,6,,
Car 118,,,,,0,switch,,"Charger 0 (fid=308440) not available, trying Charger 1 (fid=308702)",803.2319180429853,1,,
Car 110,59.0,5,5,,,done,,done charging,803.6887818168957,,,510.00945237504226
Car 137,,5,5,,,start_charge,,starting to charge at Charger 5 (fid=5),803.6887818168957,,1.9704615833886692,
Car 135,,,,,3,switch,,"Charger 3 (fid=307905) not available, trying Charger 7 (fid=2)",805.1509974124929,7,,
Car 138,,,,8,,arrived,,arrived,805.3266963986522,,,
Car 108,88.0,1,6,,,done,,done charging,805.6633965700994,,,595.0696088274275
Car 139,,,,61,,arrived,,arrived,808.1339475059807,,,
Car 139,,3,9,,,start_charge,,starting to charge at Charger 9 (fid=3),808.1339475059807,,0.0,
Car 119,,,,,,gave_up,4,"no alternate charger available, gave up",808.9807266349301,,,
Car 126,,,,,4,switch,,"Charger 4 (fid=308108) not available, trying Charger 7 (fid=2)",809.347169067979,7,,
Car 140,,,,56,,arrived,,arrived,809.5016415756133,,,
Car 134,,,,,4,switch,,"Charger 4 (fid=308108) not available, trying Charger 2 (fid=307904)",809.694646902692,2,,
Car 130,,1,6,,,start_charge,,starting to charge at Charger 6 (fid=1),810.0077020929937,,20.0,
Car 138,,,,,5,switch,,"Charger 5 (fid=5) not available, trying Charger 1 (fid=308702)",810.3266963986522,1,,
Car 129,,,,,5,switch,,"Charger 5 (fid=5) not available, trying Charger 9 (fid=3)",811.3221726635992,9,,
Car 118,,,,,,gave_up,1,"no alternate charger available, gave up",811.3423706703837,,,
Car 105,88.0,308108,4,,,done,,done charging,811.6299962998747,,,669.4173102866858
Car 134,,307904,2,,,start_charge,,starting to charge at Charger 2 (fid=307904),813.2007799173234,,15.0,
Car 135,,,,,7,switch,,"Charger 7 (fid=2) not available, trying Charger 4 (fid=308108)",813.4624390681429,4,,
Car 122,75.0,2,7,,,done,,done charging,814.206780484065,,,153.93833589666082
Car 126,,2,7,,,start_charge,,starting to charge at Charger 7 (fid=2),814.206780484065,,38.25682701612675,
Car 140,,,,,0,switch,,"Charger 0 (fid=308440) not available, trying Charger 1 (fid=308702)",814.5016415756133,1,,
Car 135,,308108,4,,,start_charge,,starting to charge at Charger 4 (fid=308108),815.0652234681021,,20.0,
Car 121,,,,,9,switch,,"Charger 9 (fid=3) not available, trying Charger 5 (fid=5)",815.8850183433717,5,,
Car 141,,,,22,,arrived,,arrived,816.394809775796,,,
Car 142,,,,69,,arrived,,arrived,816.8059462375151,,,
Car 143,,,,8,,arrived,,arrived,817.5356135860205,,,
Car 138,,,,,1,switch,,"Charger 1 (fid=308702) not available, trying Charger 9 (fid=3)",818.8818097560721,9,,
Car 100,105.0,91,8,,,done,,done charging,820.9880629795828,,,500.49284642330423
Car 141,,,,,0,switch,,"Charger 0 (fid=308440) not available, trying Charger 2 (fid=307904)",821.394809775796,2,,
Car 142,,,,,0,switch,,"Charger 0 (fid=308440) not available, trying Charger 1 (fid=308702)",821.8059462375151,1,,
Car 143,,,,,5,switch,,"Charger 5 (fid=5) not available, trying Charger 1 (fid=308702)",822.5356135860205,1,,
Car 140,,,,,1,switch,,"Charger 1 (fid=308702) not available, trying Charger 2 (fid=307904)",822.6120942030118,2,,
Car 129,,,,,9,switch,,"Charger 9 (fid=3) not available, trying Charger 7 (fid=2)",823.1176663345113,7,,
Car 144,,,,73,,arrived,,arrived,826.9374815226302,,,
Car 121,,,,,,gave_up,5,"no alternate charger available, gave up",827.6805120142839,,,
Car 145,,,,15,,arrived,,arrived,828.810829605844,,,
Car 142,,,,,1,switch,,"Charger 1 (fid=308702) not available, trying Charger 2 (fid=307904)",829.9163988649135,2,,
Car 125,86.0,91,8,,,done,,done charging,830.6559916280949,,,92.62963517493255
Car 141,,,,,2,switch,,"Charger 2 (fid=307904) not available, trying Charger 3 (fid=307905)",830.7312972746893,3,,
Car 114,111.0,308702,1,,,done,,done charging,830.8410821991065,,,273.72819496667927
Car 143,,308702,1,,,start_charge,,starting to charge at Charger 1 (fid=308702),830.8410821991065,,9.750355255666022,
Car 146,,,,10,,arrived,,arrived,831.2094978644324,,,
Car 138,,,,,9,switch,,"Charger 9 (fid=3) not available, trying Charger 0 (fid=308440)",831.7418795109613,0,,
Car 144,,,,,5,switch,,"Charger 5 (fid=5) not available, trying Charger 1 (fid=308702)",831.9374815226302,1,,
Car 145,,,,,0,switch,,"Charger 0 (fid=308440) not available, trying Charger 2 (fid=307904)",833.810829605844,2,,
Car 140,,,,,2,switch,,"Charger 2 (fid=307904) not available, trying Charger 3 (fid=307905)",834.0998735811572,3,,
Car 129,,,,,7,switch,,"Charger 7 (fid=2) not available, trying Charger 8 (fid=91)",834.6274524612882,8,,
Car 141,,,,,3,switch,,"Charger 3 (fid=307905) not available, trying Charger 1 (fid=308702)",835.9949234562533,1,,
Car 146,,,,,5,switch,,"Charger 5 (fid=5) not available, trying Charger 9 (fid=3)",836.2094978644324,9,,
Car 147,,,,70,,arrived,,arrived,836.3064276415589,,,
Car 115,68.0,1,6,,,done,,done charging,836.4059686565715,,,412.4733264705948
Car 129,,91,8,,,start_charge,,starting to charge at Charger 8 (fid=91),836.4544436483169,,40.0,
Car 148,,,,4,,arrived,,arrived,836.8434835683942,,,
Car 148,,1,6,,,start_charge,,starting to charge at Charger 6 (fid=1),836.8434835683942,,0.0,
Car 140,,,,,3,switch,,"Charger 3 (fid=307905) not available, trying Charger 5 (fid=5)",839.3634997627213,5,,
Car 144,,,,,1,switch,,"Charger 1 (fid=308702) not available, trying Charger 0 (fid=308440)",840.4925948800501,0,,
Car 147,,,,,0,switch,,"Charger 0 (fid=308440) not available, trying Charger 1 (fid=308702)",841.3064276415589,1,,
Car 142,,,,,2,switch,,"Charger 2 (fid=307904) not available, trying Charger 3 (fid=307905)",841.4041782430589,3,,
Car 145,,,,,2,switch,,"Charger 2 (fid=307904) not available, trying Charger 3 (fid=307905)",843.1473171047372,3,,
Car 138,,,,,0,switch,,"Charger 0 (fid=308440) not available, trying Charger 6 (fid=1)",843.5653321786509,6,,
Car 149,,,,73,,arrived,,arrived,845.8393334063599,,,
Car 150,,,,65,,arrived,,arrived,846.3258880579167,,,
Car 142,,,,,3,switch,,"Charger 3 (fid=307905) not available, trying Charger 6 (fid=1)",846.667804424623,6,,
Car 141,,,,,1,switch,,"Charger 1 (fid=308702) not available, trying Charger 6 (fid=1)",847.4990396660195,6,,
Car 151,,,,28,,arrived,,arrived,847.6203970387357,,,
Car 146,,,,,9,switch,,"Charger 9 (fid=3) not available, trying Charger 1 (fid=308702)",848.0049915353445,1,,
Car 145,,,,,3,switch,,"Charger 3 (fid=307905) not available, trying Charger 6 (fid=1)",848.4109432863013,6,,
Car 144,,,,,0,switch,,"Charger 0 (fid=308440) not available, trying Charger 9 (fid=3)",848.6030475074485,9,,
Car 152,,,,18,,arrived,,arrived,848.656577037728,,,
Car 147,,,,,1,switch,,"Charger 1 (fid=308702) not available, trying Charger 2 (fid=307904)",849.4168802689574,2,,
Car 149,,,,,5,switch,,"Charger 5 (fid=5) not available, trying Charger 1 (fid=308702)",850.8393334063599,1,,
Car 150,,,,,5,switch,,"Charger 5 (fid=5) not available, trying Charger 1 (fid=308702)",851.3258880579167,1,,
Car 133,66.0,308440,0,,,done,,done charging,851.3812477738368,,,50.96015061371372
Car 151,,308440,0,,,start_charge,,starting to charge at Charger 0 (fid=308440),851.3812477738368,,3.7608507351010303,
Car 140,,,,,5,switch,,"Charger 5 (fid=5) not available, trying Charger 6 (fid=1)",851.5431434346432,6,,
Car 142,,,,,6,switch,,"Charger 6 (fid=1) not available, trying Charger 5 (fid=5)",852.8739948175644,5,,
Car 152,,,,,0,switch,,"Charger 0 (fid=308440) not available, trying Charger 2 (fid=307904)",853.656577037728,2,,
Car 138,,,,,6,switch,,"Charger 6 (fid=1) not available, trying Charger 4 (fid=308108)",853.8443838889215,4,,
Car 145,,,,,6,switch,,"Charger 6 (fid=1) not available, trying Charger 1 (fid=308702)",854.6171336792427,1,,
Car 127,95.0,308108,4,,,done,,done charging,857.7097002461085,,,190.81237011260845
Car 138,,308108,4,,,start_charge,,starting to charge at Charger 4 (fid=308108),857.7097002461085,,26.013936866227482,
Car 141,,,,,6,switch,,"Charger 6 (fid=1) not available, trying Charger 9 (fid=3)",859.3629694683043,9,,
Car 149,,,,,1,switch,,"Charger 1 (fid=308702) not available, trying Charger 0 (fid=308440)",859.3944467637798,0,,
Car 124,117.0,3,9,,,done,,done charging,859.5625677531,,,52.897065614166266
Car 144,,3,9,,,start_charge,,starting to charge at Charger 9 (fid=3),859.5625677531,,19.136067577961853,
Car 150,,,,,1,switch,,"Charger 1 (fid=308702) not available, trying Charger 0 (fid=308440)",859.8810014153366,0,,
Car 146,,,,,1,switch,,"Charger 1 (fid=308702) not available, trying Charger 0 (fid=308440)",860.8650612902337,0,,
Car 147,,,,,2,switch,,"Charger 2 (fid=307904) not available, trying Charger 3 (fid=307905)",860.9046596471028,3,,
Car 112,108.0,2,7,,,done,,done charging,862.6140579654857,,,718.2609458049867
Car 137,59.0,5,5,,,done,,done charging,862.6887818168957,,,148.98279130526512
Car 142,,5,5,,,start_charge,,starting to charge at Charger 5 (fid=5),862.6887818168957,,27.67109421628902,
Car 152,,,,,2,switch,,"Charger 2 (fid=307904) not available, trying Charger 3 (fid=307905)",862.9930645366212,3,,
Car 140,,,,,6,switch,,"Charger 6 (fid=1) not available, trying Charger 9 (fid=3)",863.6868362176855,9,,
Car 132,68.0,5,5,,,done,,done charging,864.2836128960633,,,360.09732686054144
Car 147,,,,,3,switch,,"Charger 3 (fid=307905) not available, trying Charger 6 (fid=1)",866.1682858286669,6,,
Car 145,,,,,1,switch,,"Charger 1 (fid=308702) not available, trying Charger 9 (fid=3)",866.4810634815275,9,,
Car 135,52.0,308108,4,,,done,,done charging,867.0652234681021,,,237.51991159692324
Car 149,,,,,0,switch,,"Charger 0 (fid=308440) not available, trying Charger 9 (fid=3)",867.5048993911782,9,,
Car 153,,,,77,,arrived,,arrived,867.7627979475684,,,
Car 150,,,,,0,switch,,"Charger 0 (fid=308440) not available, trying Charger 9 (fid=3)",867.9914540427351,9,,
Car 128,112.0,308440,0,,,done,,done charging,868.1818852718789,,,144.90654047807305
Car 146,,308440,0,,,start_charge,,starting to charge at Charger 0 (fid=308440),868.1818852718789,,19.2063713542467,
Car 152,,,,,3,switch,,"Charger 3 (fid=307905) not available, trying Charger 1 (fid=308702)",868.2566907181853,1,,
Car 141,,,,,9,switch,,"Charger 9 (fid=3) not available, trying Charger 8 (fid=91)",870.1969356180247,8,,
Car 147,,,,,6,switch,,"Charger 6 (fid=1) not available, trying Charger 5 (fid=5)",872.3744762216082,5,,
Car 153,,,,,6,switch,,"Charger 6 (fid=1) not available, trying Charger 4 (fid=308108)",872.7627979475684,4,,
Car 140,,,,,9,switch,,"Charger 9 (fid=3) not available, trying Charger 7 (fid=2)",874.5208023674058,7,,
Car 134,62.0,307904,2,,,done,,done charging,875.2007799173234,,,537.0582689794772
Car 153,,308108,4,,,start_charge,,starting to charge at Charger 4 (fid=308108),875.6141774385279,,5.0,
Car 141,,91,8,,,start_charge,,starting to charge at Charger 8 (fid=91),877.3143490279232,,30.0,
Car 154,,,,31,,arrived,,arrived,877.6804445690623,,,
Car 155,,,,27,,arrived,,arrived,877.7518428999988,,,
Car 156,,,,77,,arrived,,arrived,878.7342097511332,,,
Car 149,,,,,9,switch,,"Charger 9 (fid=3) not available, trying Charger 6 (fid=1)",879.3283520588678,6,,
Car 145,,,,,9,switch,,"Charger 9 (fid=3) not available, trying Charger 8 (fid=91)",879.3411332364167,8,,
Car 147,,5,5,,,start_charge,,starting to charge at Charger 5 (fid=5),879.5181690046505,,25.0,
Car 152,,,,,1,switch,,"Charger 1 (fid=308702) not available, trying Charger 6 (fid=1)",879.7608069279514,6,,
Car 150,,,,,9,switch,,"Charger 9 (fid=3) not available, trying Charger 6 (fid=1)",879.8149067104247,6,,
Car 140,,2,7,,,start_charge,,starting to charge at Charger 7 (fid=2),881.0305884941827,,35.0,
Car 157,,,,60,,arrived,,arrived,882.082228013021,,,
Car 154,,,,,0,switch,,"Charger 0 (fid=308440) not available, trying Charger 2 (fid=307904)",882.6804445690623,2,,
Car 155,,,,,0,switch,,"Charger 0 (fid=308440) not available, trying Charger 2 (fid=307904)",882.7518428999988,2,,
Car 156,,,,,6,switch,,"Charger 6 (fid=1) not available, trying Charger 4 (fid=308108)",883.7342097511332,4,,
Car 154,,307904,2,,,start_charge,,starting to charge at Charger 2 (fid=307904),887.0169320679555,,5.0,
Car 157,,,,,9,switch,,"Charger 9 (fid=3) not available, trying Charger 6 (fid=1)",887.082228013021,6,,
Car 131,92.0,308702,1,,,done,,done charging,888.6529611778296,,,344.4659776306252
Car 158,,,,37,,arrived,,arrived,889.9598000604734,,,
Car 149,,,,,6,switch,,"Charger 6 (fid=1) not available, trying Charger 2 (fid=307904)",890.1623182085882,2,,
Car 150,,,,,6,switch,,"Charger 6 (fid=1) not available, trying Charger 2 (fid=307904)",890.648872860145,2,,
Car 145,,,,,8,switch,,"Charger 8 (fid=91) not available, trying Charger 7 (fid=2)",891.4585466463152,7,,
Car 156,,,,,4,switch,,"Charger 4 (fid=308108) not available, trying Charger 2 (fid=307904)",891.5855892420927,2,,
Car 152,,,,,6,switch,,"Charger 6 (fid=1) not available, trying Charger 5 (fid=5)",891.6247367302362,5,,
Car 155,,,,,2,switch,,"Charger 2 (fid=307904) not available, trying Charger 3 (fid=307905)",892.088330398892,3,,
Car 159,,,,22,,arrived,,arrived,893.9751242409639,,,
Car 158,,,,,5,switch,,"Charger 5 (fid=5) not available, trying Charger 1 (fid=308702)",894.9598000604734,1,,
Car 149,,,,,2,switch,,"Charger 2 (fid=307904) not available, trying Charger 3 (fid=307905)",896.3521717699088,3,,
Car 150,,,,,2,switch,,"Charger 2 (fid=307904) not available, trying Charger 3 (fid=307905)",896.8387264214656,3,,
Car 155,,,,,3,switch,,"Charger 3 (fid=307905) not available, trying Charger 1 (fid=308702)",897.3519565804561,1,,
Car 157,,,,,6,switch,,"Charger 6 (fid=1) not available, trying Charger 2 (fid=307904)",897.9161941627414,2,,
Car 145,,,,,7,switch,,"Charger 7 (fid=2) not available, trying Charger 5 (fid=5)",898.2855378333439,5,,
Car 129,62.0,91,8,,,done,,done charging,898.4544436483169,,,539.2711844038421
Car 158,,308702,1,,,start_charge,,starting to charge at Charger 1 (fid=308702),898.5149134178934,,5.0,
Car 159,,,,,0,switch,,"Charger 0 (fid=308440) not available, trying Charger 2 (fid=307904)",898.9751242409639,2,,
Car 156,,,,,2,switch,,"Charger 2 (fid=307904) not available, trying Charger 3 (fid=307905)",900.0917222567241,3,,
Car 139,92.0,3,9,,,done,,done charging,900.1339475059807,,,140.0749914334876
Car 149,,,,,3,switch,,"Charger 3 (fid=307905) not available, trying Charger 4 (fid=308108)",901.6157979514728,4,,
Car 136,105.0,307905,3,,,done,,done charging,901.8215246229928,,,286.01797827067844
Car 150,,307905,3,,,start_charge,,starting to charge at Charger 3 (fid=307905),901.8215246229928,,34.71917201996314,
Car 152,,,,,5,switch,,"Charger 5 (fid=5) not available, trying Charger 9 (fid=3)",903.7684295132785,9,,
Car 148,67.0,1,6,,,done,,done charging,903.8434835683942,,,194.59952929982626
Car 157,,,,,2,switch,,"Charger 2 (fid=307904) not available, trying Charger 3 (fid=307905)",904.1060477240619,3,,
Car 160,,,,37,,arrived,,arrived,905.0126146500074,,,
Car 156,,,,,3,switch,,"Charger 3 (fid=307905) not available, trying Charger 9 (fid=3)",905.3553484382882,9,,
Car 161,,,,45,,arrived,,arrived,908.2243206284563,,,
Car 161,,3,9,,,start_charge,,starting to charge at Charger 9 (fid=3),908.2243206284563,,0.0,
Car 159,,,,,2,switch,,"Charger 2 (fid=307904) not available, trying Charger 3 (fid=307905)",908.3116117398571,3,,
Car 155,,,,,1,switch,,"Charger 1 (fid=308702) not available, trying Charger 6 (fid=1)",908.8560727902222,6,,
Car 157,,,,,3,switch,,"Charger 3 (fid=307905) not available, trying Charger 4 (fid=308108)",909.369673905626,4,,
Car 160,,,,,5,switch,,"Charger 5 (fid=5) not available, trying Charger 1 (fid=308702)",910.0126146500074,1,,
Car 149,,,,,4,switch,,"Charger 4 (fid=308108) not available, trying Charger 7 (fid=2)",910.138267797725,7,,
Car 145,,,,,5,switch,,"Charger 5 (fid=5) not available, trying Charger 4 (fid=308108)",911.7784166338266,4,,
Car 143,82.0,308702,1,,,done,,done charging,912.8410821991065,,,403.9345218681997
Car 144,54.0,3,9,,,done,,done charging,913.5625677531,,,434.88920660293024
Car 152,,3,9,,,start_charge,,starting to charge at Charger 9 (fid=3),913.5625677531,,32.9986445689093,
Car 160,,308702,1,,,start_charge,,starting to charge at Charger 1 (fid=308702),913.5677280074274,,5.0,
Car 159,,,,,3,switch,,"Charger 3 (fid=307905) not available, trying Charger 1 (fid=308702)",913.5752379214211,1,,
Car 155,,1,6,,,start_charge,,starting to charge at Charger 6 (fid=1),915.7200025925071,,20.0,
Car 149,,,,,7,switch,,"Charger 7 (fid=2) not available, trying Charger 8 (fid=91)",916.7410521976842,8,,
Car 156,,,,,9,switch,,"Charger 9 (fid=3) not available, trying Charger 7 (fid=2)",916.8188502122083,7,,
Car 157,,,,,4,switch,,"Charger 4 (fid=308108) not available, trying Charger 5 (fid=5)",917.8921437518782,5,,
Car 149,,91,8,,,start_charge,,starting to charge at Charger 8 (fid=91),918.568043384713,,45.0,
Car 130,114.0,1,6,,,done,,done charging,924.0077020929937,,,542.7303973497354
Car 145,,,,,,gave_up,4,"no alternate charger available, gave up",924.5862425026754,,,
Car 159,,,,,1,switch,,"Charger 1 (fid=308702) not available, trying Charger 6 (fid=1)",925.0793541311873,6,,
Car 126,112.0,2,7,,,done,,done charging,926.206780484065,,,421.05141519170246
Car 156,,2,7,,,start_charge,,starting to charge at Charger 7 (fid=2),926.206780484065,,27.878144145079887,
Car 162,,,,37,,arrived,,arrived,927.119031026822,,,
Car 157,,,,,5,switch,,"Charger 5 (fid=5) not available, trying Charger 0 (fid=308440)",930.699969620727,0,,
Car 159,,1,6,,,start_charge,,starting to charge at Charger 6 (fid=1),931.9432839334721,,20.0,
Car 162,,,,,5,switch,,"Charger 5 (fid=5) not available, trying Charger 1 (fid=308702)",932.119031026822,1,,
Car 151,81.0,308440,0,,,done,,done charging,932.3812477738368,,,197.2293398759669
Car 140,52.0,2,7,,,done,,done charging,933.0305884941827,,,610.6504776176604
Car 157,,308440,0,,,start_charge,,starting to charge at Charger 0 (fid=308440),936.2571529311941,,30.0,
Car 163,,,,1,,arrived,,arrived,937.0873035331867,,,
Car 147,59.0,5,5,,,done,,done charging,938.5181690046505,,,409.4714525125211
Car 162,,,,,1,switch,,"Charger 1 (fid=308702) not available, trying Charger 0 (fid=308440)",940.6741443842419,0,,
Car 164,,,,52,,arrived,,arrived,941.6280233950688,,,
Car 163,,,,,6,switch,,"Charger 6 (fid=1) not available, trying Charger 2 (fid=307904)",942.0873035331867,2,,
Car 164,,,,,6,switch,,"Charger 6 (fid=1) not available, trying Charger 2 (fid=307904)",946.6280233950688,2,,
Car 165,,,,83,,arrived,,arrived,947.4799488354247,,,
Car 158,49.0,308702,1,,,done,,done charging,947.5149134178934,,,270.1505183671852
Car 163,,,,,2,switch,,"Charger 2 (fid=307904) not available, trying Charger 3 (fid=307905)",948.2771570945073,3,,
Car 162,,,,,0,switch,,"Charger 0 (fid=308440) not available, trying Charger 9 (fid=3)",948.7845970116404,9,,
Car 165,,,,,2,switch,,"Charger 2 (fid=307904) not available, trying Charger 3 (fid=307905)",952.4799488354247,3,,
Car 164,,,,,2,switch,,"Charger 2 (fid=307904) not available, trying Charger 3 (fid=307905)",952.8178769563893,3,,
Car 163,,,,,3,switch,,"Charger 3 (fid=307905) not available, trying Charger 7 (fid=2)",953.5407832760714,7,,
Car 166,,,,67,,arrived,,arrived,953.5976782385762,,,
Car 166,,308702,1,,,start_charge,,starting to charge at Charger 1 (fid=308702),953.5976782385762,,0.0,
Car 167,,,,23,,arrived,,arrived,954.4637645058673,,,
Car 168,,,,43,,arrived,,arrived,954.5264598432717,,,
Car 169,,,,25,,arrived,,arrived,954.6839007430607,,,
Car 170,,,,116,,arrived,,arrived,956.6041093418571,,,
Car 163,,2,7,,,start_charge,,starting to charge at Charger 7 (fid=2),956.8522249317214,,15.0,
Car 165,,,,,3,switch,,"Charger 3 (fid=307905) not available, trying Charger 6 (fid=1)",957.7435750169888,6,,
Car 164,,,,,3,switch,,"Charger 3 (fid=307905) not available, trying Charger 7 (fid=2)",958.0815031379534,7,,
Car 154,72.0,307904,2,,,done,,done charging,959.0169320679555,,,268.0450587073346
Car 167,,,,,0,switch,,"Charger 0 (fid=308440) not available, trying Charger 2 (fid=307904)",959.4637645058673,2,,
Car 168,,,,,1,switch,,"Charger 1 (fid=308702) not available, trying Charger 5 (fid=5)",959.5264598432717,5,,
Car 169,,,,,0,switch,,"Charger 0 (fid=308440) not available, trying Charger 2 (fid=307904)",959.6839007430607,2,,
Car 162,,,,,9,switch,,"Charger 9 (fid=3) not available, trying Charger 6 (fid=1)",960.60804967933,6,,
Car 160,48.0,308702,1,,,done,,done charging,961.5677280074274,,,270.1505183671852
Car 170,,,,,0,switch,,"Charger 0 (fid=308440) not available, trying Charger 2 (fid=307904)",961.6041093418571,2,,
Car 155,46.0,1,6,,,done,,done charging,961.7200025925071,,,372.9207118137138
Car 165,,1,6,,,start_charge,,starting to charge at Charger 6 (fid=1),961.7200025925071,,12.77023718257692,
Car 168,,5,5,,,start_charge,,starting to charge at Charger 5 (fid=5),963.0815732006917,,5.0,
Car 167,,307904,2,,,start_charge,,starting to charge at Charger 2 (fid=307904),963.8002520047605,,5.0,
Car 171,,,,58,,arrived,,arrived,963.820208980781,,,
Car 172,,,,25,,arrived,,arrived,965.0209055106664,,,
Car 172,,308702,1,,,start_charge,,starting to charge at Charger 1 (fid=308702),965.0209055106664,,0.0,
Car 164,,,,,7,switch,,"Charger 7 (fid=2) not available, trying Charger 4 (fid=308108)",966.3929447936034,4,,
Car 149,48.0,91,8,,,done,,done charging,966.568043384713,,,655.7228191277596
Car 171,,,,,7,switch,,"Charger 7 (fid=2) not available, trying Charger 4 (fid=308108)",968.820208980781,4,,
Car 169,,,,,2,switch,,"Charger 2 (fid=307904) not available, trying Charger 3 (fid=307905)",969.0203882419539,3,,
Car 146,101.0,308440,0,,,done,,done charging,969.1818852718789,,,475.1967713755742
Car 170,,,,,2,switch,,"Charger 2 (fid=307904) not available, trying Charger 3 (fid=307905)",970.9405968407503,3,,
Car 162,,,,,6,switch,,"Charger 6 (fid=1) not available, trying Charger 2 (fid=307904)",971.4420158290503,2,,
Car 138,114.0,308108,4,,,done,,done charging,971.7097002461085,,,556.0036556422274
Car 164,,308108,4,,,start_charge,,starting to charge at Charger 4 (fid=308108),971.7097002461085,,23.713971052545844,
Car 169,,,,,3,switch,,"Charger 3 (fid=307905) not available, trying Charger 1 (fid=308702)",974.284014423518,1,,
Car 141,97.0,91,8,,,done,,done charging,974.3143490279232,,,525.7411471673781
Car 171,,,,,4,switch,,"Charger 4 (fid=308108) not available, trying Charger 8 (fid=91)",975.4229933807402,8,,
Car 170,,,,,3,switch,,"Charger 3 (fid=307905) not available, trying Charger 6 (fid=1)",976.2042230223144,6,,
Car 173,,,,11,,arrived,,arrived,976.5844239938699,,,
Car 173,,308440,0,,,start_charge,,starting to charge at Charger 0 (fid=308440),976.5844239938699,,0.0,
Car 174,,,,17,,arrived,,arrived,976.7884751889623,,,
Car 175,,,,9,,arrived,,arrived,977.1642401934304,,,
Car 162,,,,,2,switch,,"Charger 2 (fid=307904) not available, trying Charger 3 (fid=307905)",977.6318693903709,3,,
Car 171,,91,8,,,start_charge,,starting to charge at Charger 8 (fid=91),977.6334050638212,,10.0,
Car 142,117.0,5,5,,,done,,done charging,979.6887818168957,,,471.1640702720587
Car 175,,5,5,,,start_charge,,starting to charge at Charger 5 (fid=5),979.6887818168957,,2.524541623465325,
Car 174,,,,,2,switch,,"Charger 2 (fid=307904) not available, trying Charger 3 (fid=307905)",981.7884751889623,3,,
Car 170,,,,,6,switch,,"Charger 6 (fid=1) not available, trying Charger 1 (fid=308702)",982.4104134152558,1,,
Car 162,,,,,3,switch,,"Charger 3 (fid=307905) not available, trying Charger 4 (fid=308108)",982.8954955719349,4,,
Car 169,,,,,1,switch,,"Charger 1 (fid=308702) not available, trying Charger 6 (fid=1)",985.7881306332841,6,,
Car 176,,,,60,,arrived,,arrived,986.4531985577182,,,
Car 177,,,,54,,arrived,,arrived,986.8247198575392,,,
Car 174,,,,,3,switch,,"Charger 3 (fid=307905) not available, trying Charger 0 (fid=308440)",987.0521013705263,0,,
Car 152,74.0,3,9,,,done,,done charging,987.5625677531,,,498.58928125385694
Car 176,,3,9,,,start_charge,,starting to charge at Charger 9 (fid=3),987.5625677531,,1.1093691953817597,
Car 153,113.0,308108,4,,,done,,done charging,988.6141774385279,,,252.25969385824664
Car 162,,308108,4,,,start_charge,,starting to charge at Charger 4 (fid=308108),988.6141774385279,,37.196212020340795,
Car 159,59.0,1,6,,,done,,done charging,990.9432839334721,,,382.3159579526297
Car 177,,,,,0,switch,,"Charger 0 (fid=308440) not available, trying Charger 1 (fid=308702)",991.8247198575392,1,,
Car 157,56.0,308440,0,,,done,,done charging,992.2571529311941,,,385.49869983700125
Car 174,,308440,0,,,start_charge,,starting to charge at Charger 0 (fid=308440),992.2571529311941,,10.852227230153744,
Car 169,,1,6,,,start_charge,,starting to charge at Charger 6 (fid=1),992.652060435569,,20.0,
Car 170,,,,,1,switch,,"Charger 1 (fid=308702) not available, trying Charger 8 (fid=91)",994.2743432175406,8,,
Car 161,88.0,3,9,,,done,,done charging,996.2243206284563,,,260.2094893179926
Car 177,,,,,1,switch,,"Charger 1 (fid=308702) not available, trying Charger 5 (fid=5)",999.9351724849377,5,,
Car 150,99.0,307905,3,,,done,,done charging,1000.8215246229928,,,610.3245390011639
Car 178,,,,13,,arrived,,arrived,1002.7487292495307,,,
Car 170,,91,8,,,start_charge,,starting to charge at Charger 8 (fid=91),1003.426477794035,,25.0,
Car 163,48.0,2,7,,,done,,done charging,1004.8522249317214,,,219.941263319766
Car 179,,,,50,,arrived,,arrived,1006.7098811743315,,,
Car 179,,3,9,,,start_charge,,starting to charge at Charger 9 (fid=3),1006.7098811743315,,0.0,
Car 178,,,,,1,switch,,"Charger 1 (fid=308702) not available, trying Charger 0 (fid=308440)",1007.7487292495307,0,,
Car 180,,,,76,,arrived,,arrived,1008.0119254999282,,,
Car 177,,,,,5,switch,,"Charger 5 (fid=5) not available, trying Charger 2 (fid=307904)",1008.4902858423576,2,,
Car 166,56.0,308702,1,,,done,,done charging,1009.5976782385762,,,192.27447817342818
Car 181,,,,80,,arrived,,arrived,1011.484727237724,,,
Car 180,,,,,8,switch,,"Charger 8 (fid=91) not available, trying Charger 7 (fid=2)",1013.0119254999282,7,,
Car 156,87.0,2,7,,,done,,done charging,1013.206780484065,,,338.15068161091114
Car 180,,2,7,,,start_charge,,starting to charge at Charger 7 (fid=2),1014.838916686957,,5.0,
Car 178,,,,,0,switch,,"Charger 0 (fid=308440) not available, trying Charger 5 (fid=5)",1015.8591818769291,5,,
Car 182,,,,20,,arrived,,arrived,1016.380282059551,,,
Car 181,,,,,0,switch,,"Charger 0 (fid=308440) not available, trying Charger 2 (fid=307904)",1016.484727237724,2,,
Car 183,,,,13,,arrived,,arrived,1017.9732336728722,,,
Car 183,,308702,1,,,start_charge,,starting to charge at Charger 1 (fid=308702),1017.9732336728722,,0.0,
Car 184,,,,3,,arrived,,arrived,1018.6846153572693,,,
Car 177,,,,,2,switch,,"Charger 2 (fid=307904) not available, trying Charger 3 (fid=307905)",1020.6535926826588,3,,
Car 177,,307905,3,,,start_charge,,starting to charge at Charger 3 (fid=307905),1020.9172188642228,,20.0,
Car 182,,,,,0,switch,,"Charger 0 (fid=308440) not available, trying Charger 1 (fid=308702)",1021.380282059551,1,,
Car 185,,,,37,,arrived,,arrived,1021.9147873135435,,,
Car 186,,,,36,,arrived,,arrived,1021.962764891555,,,
Car 187,,,,38,,arrived,,arrived,1023.1239522778518,,,
Car 184,,,,,9,switch,,"Charger 9 (fid=3) not available, trying Charger 6 (fid=1)",1023.6846153572693,6,,
Car 168,61.0,5,5,,,done,,done charging,1024.0815732006918,,,249.6213205840353
Car 178,,5,5,,,start_charge,,starting to charge at Charger 5 (fid=5),1024.0815732006918,,12.665208013295455,
Car 188,,,,21,,arrived,,arrived,1024.43826393056,,,
Car 189,,,,16,,arrived,,arrived,1024.5108913457623,,,
Car 190,,,,62,,arrived,,arrived,1024.6556886245164,,,
Car 164,53.0,308108,4,,,done,,done charging,1024.7097002461085,,,206.4392863257446
Car 191,,,,24,,arrived,,arrived,1025.1386056465994,,,
Car 181,,,,,2,switch,,"Charger 2 (fid=307904) not available, trying Charger 3 (fid=307905)",1025.821214736617,3,,
Car 192,,,,17,,arrived,,arrived,1026.8421007989284,,,
Car 185,,,,,5,switch,,"Charger 5 (fid=5) not available, trying Charger 1 (fid=308702)",1026.9147873135435,1,,
Car 186,,,,,0,switch,,"Charger 0 (fid=308440) not available, trying Charger 2 (fid=307904)",1026.962764891555,2,,
Car 187,,,,,5,switch,,"Charger 5 (fid=5) not available, trying Charger 1 (fid=308702)",1028.123952277852,1,,
Car 188,,,,,0,switch,,"Charger 0 (fid=308440) not available, trying Charger 1 (fid=308702)",1029.43826393056,1,,
Car 182,,,,,1,switch,,"Charger 1 (fid=308702) not available, trying Charger 2 (fid=307904)",1029.4907346869493,2,,
Car 189,,,,,0,switch,,"Charger 0 (fid=308440) not available, trying Charger 1 (fid=308702)",1029.5108913457623,1,,
Car 190,,,,,9,switch,,"Charger 9 (fid=3) not available, trying Charger 6 (fid=1)",1029.6556886245164,6,,
Car 191,,,,,1,switch,,"Charger 1 (fid=308702) not available, trying Charger 5 (fid=5)",1030.1386056465994,5,,
Car 193,,,,10,,arrived,,arrived,1030.397589208058,,,
Car 181,,,,,3,switch,,"Charger 3 (fid=307905) not available, trying Charger 6 (fid=1)",1031.0848409181813,6,,
Car 192,,,,,2,switch,,"Charger 2 (fid=307904) not available, trying Charger 3 (fid=307905)",1031.8421007989284,3,,
Car 184,,,,,6,switch,,"Charger 6 (fid=1) not available, trying Charger 4 (fid=308108)",1034.5185815069897,4,,
Car 193,,,,,5,switch,,"Charger 5 (fid=5) not available, trying Charger 9 (fid=3)",1035.397589208058,9,,
Car 185,,,,,1,switch,,"Charger 1 (fid=308702) not available, trying Charger 0 (fid=308440)",1035.4699006709634,0,,
Car 186,,,,,2,switch,,"Charger 2 (fid=307904) not available, trying Charger 3 (fid=307905)",1036.2992523904484,3,,
Car 187,,,,,1,switch,,"Charger 1 (fid=308702) not available, trying Charger 0 (fid=308440)",1036.6790656352719,0,,
Car 192,,,,,3,switch,,"Charger 3 (fid=307905) not available, trying Charger 0 (fid=308440)",1037.1057269804926,0,,
Car 181,,,,,6,switch,,"Charger 6 (fid=1) not available, trying Charger 1 (fid=308702)",1037.2910313111227,1,,
Car 184,,308108,4,,,start_charge,,starting to charge at Charger 4 (fid=308108),1037.3699609979492,,10.0,
Car 188,,,,,1,switch,,"Charger 1 (fid=308702) not available, trying Charger 2 (fid=307904)",1037.5487165579584,2,,
Car 189,,,,,1,switch,,"Charger 1 (fid=308702) not available, trying Charger 2 (fid=307904)",1037.6213439731607,2,,
Car 191,,,,,5,switch,,"Charger 5 (fid=5) not available, trying Charger 0 (fid=308440)",1038.6937190040194,0,,
Car 162,51.0,308108,4,,,done,,done charging,1039.6141774385278,,,546.1989280284025
Car 190,,,,,6,switch,,"Charger 6 (fid=1) not available, trying Charger 2 (fid=307904)",1040.4896547742367,2,,
Car 194,,,,54,,arrived,,arrived,1040.6086867534227,,,
Car 182,,,,,2,switch,,"Charger 2 (fid=307904) not available, trying Charger 3 (fid=307905)",1040.9785140650947,3,,
Car 174,49.0,308440,0,,,done,,done charging,1041.257152931194,,,217.87129635571108
Car 185,,308440,0,,,start_charge,,starting to charge at Charger 0 (fid=308440),1041.257152931194,,12.676799632832171,
Car 186,,,,,3,switch,,"Charger 3 (fid=307905) not available, trying Charger 6 (fid=1)",1041.5628785720126,6,,
Car 195,,,,54,,arrived,,arrived,1042.229319527133,,,
Car 167,79.0,307904,2,,,done,,done charging,1042.8002520047605,,,298.67463608362624
Car 190,,307904,2,,,start_charge,,starting to charge at Charger 2 (fid=307904),1042.8002520047605,,11.120743669203193,
Car 187,,,,,0,switch,,"Charger 0 (fid=308440) not available, trying Charger 6 (fid=1)",1044.7895182626703,6,,
Car 194,,,,,0,switch,,"Charger 0 (fid=308440) not available, trying Charger 1 (fid=308702)",1045.6086867534227,1,,
Car 196,,,,23,,arrived,,arrived,1045.841802855238,,,
Car 182,,,,,3,switch,,"Charger 3 (fid=307905) not available, trying Charger 6 (fid=1)",1046.242140246659,6,,
Car 192,,,,,0,switch,,"Charger 0 (fid=308440) not available, trying Charger 6 (fid=1)",1046.4585513110067,6,,
Car 193,,,,,9,switch,,"Charger 9 (fid=3) not available, trying Charger 1 (fid=308702)",1047.19308287897,1,,
Car 195,,,,,0,switch,,"Charger 0 (fid=308440) not available, trying Charger 1 (fid=308702)",1047.229319527133,1,,
Car 186,,,,,6,switch,,"Charger 6 (fid=1) not available, trying Charger 1 (fid=308702)",1047.769068964954,1,,
Car 197,,,,86,,arrived,,arrived,1047.8430621667299,,,
Car 188,,,,,2,switch,,"Charger 2 (fid=307904) not available, trying Charger 3 (fid=307905)",1049.0364959361038,3,,
Car 189,,,,,2,switch,,"Charger 2 (fid=307904) not available, trying Charger 3 (fid=307905)",1049.1091233513062,3,,
Car 181,,,,,1,switch,,"Charger 1 (fid=308702) not available, trying Charger 9 (fid=3)",1049.1549611134074,9,,
Car 191,,,,,0,switch,,"Charger 0 (fid=308440) not available, trying Charger 2 (fid=307904)",1049.2509023144864,2,,
Car 198,,,,39,,arrived,,arrived,1049.6718445298388,,,
Car 196,,,,,5,switch,,"Charger 5 (fid=5) not available, trying Charger 1 (fid=308702)",1050.841802855238,1,,
Car 199,,,,64,,arrived,,arrived,1052.130067234696,,,
Car 199,,2,7,,,start_charge,,starting to charge at Charger 7 (fid=2),1052.130067234696,,0.0,
Car 182,,,,,6,switch,,"Charger 6 (fid=1) not available, trying Charger 5 (fid=5)",1052.4483306396003,5,,
Car 200,,,,29,,arrived,,arrived,1052.8275320540486,,,
Car 197,,,,,8,switch,,"Charger 8 (fid=91) not available, trying Charger 7 (fid=2)",1052.8430621667299,7,,
Car 173,77.0,308440,0,,,done,,done charging,1053.58442399387,,,247.88833037687752
Car 200,,308440,0,,,start_charge,,starting to charge at Charger 0 (fid=308440),1053.58442399387,,0.7568919398213438,
Car 194,,,,,1,switch,,"Charger 1 (fid=308702) not available, trying Charger 5 (fid=5)",1053.7191393808212,5,,
Car 188,,,,,3,switch,,"Charger 3 (fid=307905) not available, trying Charger 6 (fid=1)",1054.300122117668,6,,
Car 189,,,,,3,switch,,"Charger 3 (fid=307905) not available, trying Charger 5 (fid=5)",1054.3727495328703,5,,
Car 176,67.0,3,9,,,done,,done charging,1054.5625677531,,,250.00603750409743
Car 198,,3,9,,,start_charge,,starting to charge at Charger 9 (fid=3),1054.5625677531,,4.890723223261148,
Car 187,,,,,6,switch,,"Charger 6 (fid=1) not available, trying Charger 2 (fid=307904)",1055.0685699729408,2,,
Car 195,,,,,1,switch,,"Charger 1 (fid=308702) not available, trying Charger 5 (fid=5)",1055.3397721545314,5,,
Car 192,,,,,6,switch,,"Charger 6 (fid=1) not available, trying Charger 1 (fid=308702)",1056.7376030212772,1,,
Car 201,,,,9,,arrived,,arrived,1058.314358549618,,,
Car 191,,,,,2,switch,,"Charger 2 (fid=307904) not available, trying Charger 3 (fid=307905)",1058.5873898133798,3,,
Car 196,,,,,1,switch,,"Charger 1 (fid=308702) not available, trying Charger 0 (fid=308440)",1059.396916212658,0,,
Car 186,,,,,1,switch,,"Charger 1 (fid=308702) not available, trying Charger 5 (fid=5)",1059.6329987672386,5,,
Car 197,,,,,7,switch,,"Charger 7 (fid=2) not available, trying Charger 4 (fid=308108)",1059.6700533537585,4,,
Car 193,,,,,1,switch,,"Charger 1 (fid=308702) not available, trying Charger 0 (fid=308440)",1060.053152633859,0,,
Car 188,,,,,6,switch,,"Charger 6 (fid=1) not available, trying Charger 5 (fid=5)",1060.5063125106094,5,,
Car 169,68.0,1,6,,,done,,done charging,1060.652060435569,,,361.0851600851016
Car 187,,,,,2,switch,,"Charger 2 (fid=307904) not available, trying Charger 3 (fid=307905)",1061.2584235342615,3,,
Car 197,,308108,4,,,start_charge,,starting to charge at Charger 4 (fid=308108),1061.2728377537178,,10.0,
Car 181,,,,,9,switch,,"Charger 9 (fid=3) not available, trying Charger 8 (fid=91)",1062.0150308682964,8,,
Car 202,,,,81,,arrived,,arrived,1062.0411664693206,,,
Car 194,,,,,5,switch,,"Charger 5 (fid=5) not available, trying Charger 2 (fid=307904)",1062.274252738241,2,,
Car 201,,,,,5,switch,,"Charger 5 (fid=5) not available, trying Charger 9 (fid=3)",1063.314358549618,9,,
Car 191,,,,,3,switch,,"Charger 3 (fid=307905) not available, trying Charger 6 (fid=1)",1063.851015994944,6,,
Car 203,,,,9,,arrived,,arrived,1063.891192529717,,,
Car 195,,,,,5,switch,,"Charger 5 (fid=5) not available, trying Charger 2 (fid=307904)",1063.8948855119513,2,,
Car 182,,,,,5,switch,,"Charger 5 (fid=5) not available, trying Charger 9 (fid=3)",1064.5920234226426,9,,
Car 191,,1,6,,,start_charge,,starting to charge at Charger 6 (fid=1),1065.0572063878853,,25.0,
Car 165,104.0,1,6,,,done,,done charging,1065.7200025925072,,,372.3011735127974
Car 204,,,,8,,arrived,,arrived,1065.9118642290973,,,
Car 177,45.0,307905,3,,,done,,done charging,1065.9172188642228,,,370.74208647868676
Car 187,,307905,3,,,start_charge,,starting to charge at Charger 3 (fid=307905),1065.9172188642228,,29.395169148397258,
Car 189,,,,,5,switch,,"Charger 5 (fid=5) not available, trying Charger 6 (fid=1)",1066.5523932047922,6,,
Car 202,,,,,2,switch,,"Charger 2 (fid=307904) not available, trying Charger 3 (fid=307905)",1067.0411664693206,3,,
Car 196,,,,,0,switch,,"Charger 0 (fid=308440) not available, trying Charger 2 (fid=307904)",1067.5073688400564,2,,
Car 193,,,,,0,switch,,"Charger 0 (fid=308440) not available, trying Charger 6 (fid=1)",1068.1636052612575,6,,
Car 186,,,,,5,switch,,"Charger 5 (fid=5) not available, trying Charger 9 (fid=3)",1068.1881121246586,9,,
Car 192,,,,,1,switch,,"Charger 1 (fid=308702) not available, trying Charger 9 (fid=3)",1068.601532823562,9,,
Car 203,,,,,5,switch,,"Charger 5 (fid=5) not available, trying Charger 9 (fid=3)",1068.891192529717,9,,
Car 205,,,,20,,arrived,,arrived,1068.9822970053572,,,
Car 204,,,,,5,switch,,"Charger 5 (fid=5) not available, trying Charger 1 (fid=308702)",1070.9118642290973,1,,
Car 172,106.0,308702,1,,,done,,done charging,1071.0209055106664,,,205.31928735877764
Car 202,,,,,3,switch,,"Charger 3 (fid=307905) not available, trying Charger 6 (fid=1)",1072.3047926508848,6,,
Car 188,,,,,5,switch,,"Charger 5 (fid=5) not available, trying Charger 9 (fid=3)",1072.6500052936517,9,,
Car 193,,1,6,,,start_charge,,starting to charge at Charger 6 (fid=1),1073.442656971528,,20.0,
Car 205,,,,,0,switch,,"Charger 0 (fid=308440) not available, trying Charger 1 (fid=308702)",1073.9822970053572,1,,
Car 181,,,,,8,switch,,"Charger 8 (fid=91) not available, trying Charger 7 (fid=2)",1074.132444278195,7,,
Car 194,,,,,2,switch,,"Charger 2 (fid=307904) not available, trying Charger 3 (fid=307905)",1074.4375595785423,3,,
Car 204,,308702,1,,,start_charge,,starting to charge at Charger 1 (fid=308702),1074.4669775865173,,5.0,
Car 201,,,,,9,switch,,"Charger 9 (fid=3) not available, trying Charger 0 (fid=308440)",1075.10985222053,0,,
Car 206,,,,14,,arrived,,arrived,1075.3297802976317,,,
Car 195,,,,,2,switch,,"Charger 2 (fid=307904) not available, trying Charger 3 (fid=307905)",1076.0581923522525,3,,
Car 182,,,,,9,switch,,"Charger 9 (fid=3) not available, trying Charger 8 (fid=91)",1076.3875170935546,8,,
Car 171,99.0,91,8,,,done,,done charging,1076.633405063821,,,204.55368858070264
Car 196,,,,,2,switch,,"Charger 2 (fid=307904) not available, trying Charger 3 (fid=307905)",1076.8438563389498,3,,
Car 207,,,,15,,arrived,,arrived,1076.987816784909,,,
Car 202,,,,,6,switch,,"Charger 6 (fid=1) not available, trying Charger 0 (fid=308440)",1078.5109830438262,0,,
Car 189,,,,,6,switch,,"Charger 6 (fid=1) not available, trying Charger 9 (fid=3)",1078.6960859878345,9,,
Car 208,,,,22,,arrived,,arrived,1079.5824076562435,,,
Car 194,,,,,3,switch,,"Charger 3 (fid=307905) not available, trying Charger 6 (fid=1)",1079.7011857601065,6,,
Car 186,,,,,9,switch,,"Charger 9 (fid=3) not available, trying Charger 8 (fid=91)",1079.9836057955706,8,,
Car 206,,,,,0,switch,,"Charger 0 (fid=308440) not available, trying Charger 2 (fid=307904)",1080.3297802976317,2,,
Car 203,,,,,9,switch,,"Charger 9 (fid=3) not available, trying Charger 0 (fid=308440)",1080.686686200629,0,,
Car 181,,,,,7,switch,,"Charger 7 (fid=2) not available, trying Charger 5 (fid=5)",1080.9594354652236,5,,
Car 195,,,,,3,switch,,"Charger 3 (fid=307905) not available, trying Charger 6 (fid=1)",1081.3218185338167,6,,
Car 192,,,,,9,switch,,"Charger 9 (fid=3) not available, trying Charger 8 (fid=91)",1081.461602578451,8,,
Car 175,102.0,5,5,,,done,,done charging,1081.6887818168957,,,304.33146106179476
Car 209,,,,90,,arrived,,arrived,1081.8285428817626,,,
Car 209,,91,8,,,start_charge,,starting to charge at Charger 8 (fid=91),1081.8285428817626,,0.0,
Car 207,,,,,0,switch,,"Charger 0 (fid=308440) not available, trying Charger 2 (fid=307904)",1081.987816784909,2,,
Car 205,,,,,1,switch,,"Charger 1 (fid=308702) not available, trying Charger 2 (fid=307904)",1082.0927496327556,2,,
Car 196,,,,,3,switch,,"Charger 3 (fid=307905) not available, trying Charger 6 (fid=1)",1082.107482520514,6,,
Car 178,60.0,5,5,,,done,,done charging,1084.0815732006918,,,447.5932304715429
Car 188,,,,,9,switch,,"Charger 9 (fid=3) not available, trying Charger 8 (fid=91)",1084.4454989645637,8,,
Car 208,,,,,0,switch,,"Charger 0 (fid=308440) not available, trying Charger 2 (fid=307904)",1084.5824076562435,2,,
Car 194,,,,,6,switch,,"Charger 6 (fid=1) not available, trying Charger 9 (fid=3)",1085.9073761530478,9,,
Car 201,,,,,0,switch,,"Charger 0 (fid=308440) not available, trying Charger 1 (fid=308702)",1086.9333048882197,1,,
Car 185,46.0,308440,0,,,done,,done charging,1087.257152931194,,,372.19578970139935
Car 202,,308440,0,,,start_charge,,starting to charge at Charger 0 (fid=308440),1087.257152931194,,18.46711817709729,
Car 195,,,,,6,switch,,"Charger 6 (fid=1) not available, trying Charger 9 (fid=3)",1087.528008926758,9,,
Car 196,,,,,6,switch,,"Charger 6 (fid=1) not available, trying Charger 9 (fid=3)",1088.3136729134553,9,,
Car 182,,,,,8,switch,,"Charger 8 (fid=91) not available, trying Charger 7 (fid=2)",1088.5049305034531,7,,
Car 210,,,,62,,arrived,,arrived,1089.0180244372964,,,
Car 211,,,,48,,arrived,,arrived,1089.060102182919,,,
Car 181,,5,5,,,start_charge,,starting to charge at Charger 5 (fid=5),1089.4523142657063,,39.999999999999886,
Car 189,,,,,9,switch,,"Charger 9 (fid=3) not available, trying Charger 7 (fid=2)",1089.5300521375548,7,,
Car 206,,,,,2,switch,,"Charger 2 (fid=307904) not available, trying Charger 3 (fid=307905)",1089.666267796525,3,,
Car 212,,,,60,,arrived,,arrived,1089.791033755522,,,
Car 213,,,,34,,arrived,,arrived,1091.2887734593025,,,
Car 207,,,,,2,switch,,"Charger 2 (fid=307904) not available, trying Charger 3 (fid=307905)",1091.3243042838023,3,,
Car 186,,,,,8,switch,,"Charger 8 (fid=91) not available, trying Charger 7 (fid=2)",1092.1010192054691,7,,
Car 203,,,,,0,switch,,"Charger 0 (fid=308440) not available, trying Charger 1 (fid=308702)",1092.5101388683188,1,,
Car 214,,,,21,,arrived,,arrived,1093.295747501656,,,
Car 215,,,,74,,arrived,,arrived,1093.3849346392208,,,
Car 192,,,,,8,switch,,"Charger 8 (fid=91) not available, trying Charger 7 (fid=2)",1093.5790159883495,7,,
Car 205,,,,,2,switch,,"Charger 2 (fid=307904) not available, trying Charger 3 (fid=307905)",1093.580529010901,3,,
Car 208,,,,,2,switch,,"Charger 2 (fid=307904) not available, trying Charger 3 (fid=307905)",1093.9188951551369,3,,
Car 210,,,,,9,switch,,"Charger 9 (fid=3) not available, trying Charger 6 (fid=1)",1094.0180244372964,6,,
Car 211,,,,,1,switch,,"Charger 1 (fid=308702) not available, trying Charger 5 (fid=5)",1094.060102182919,5,,
Car 216,,,,4,,arrived,,arrived,1094.420014125562,,,
Car 216,,5,5,,,start_charge,,starting to charge at Charger 5 (fid=5),1094.420014125562,,0.0,
Car 212,,,,,9,switch,,"Charger 9 (fid=3) not available, trying Charger 6 (fid=1)",1094.791033755522,6,,
Car 206,,,,,3,switch,,"Charger 3 (fid=307905) not available, trying Charger 1 (fid=308702)",1094.9298939780892,1,,
Car 201,,,,,1,switch,,"Charger 1 (fid=308702) not available, trying Charger 6 (fid=1)",1095.0437575156182,6,,
Car 182,,,,,7,switch,,"Charger 7 (fid=2) not available, trying Charger 4 (fid=308108)",1095.3319216904817,4,,
Car 213,,,,,1,switch,,"Charger 1 (fid=308702) not available, trying Charger 0 (fid=308440)",1096.2887734593025,0,,
Car 188,,,,,8,switch,,"Charger 8 (fid=91) not available, trying Charger 7 (fid=2)",1096.5629123744623,7,,
Car 207,,,,,3,switch,,"Charger 3 (fid=307905) not available, trying Charger 6 (fid=1)",1096.5879304653665,6,,
Car 194,,,,,9,switch,,"Charger 9 (fid=3) not available, trying Charger 7 (fid=2)",1096.741342302768,7,,
Car 217,,,,51,,arrived,,arrived,1096.9023633326572,,,
Car 170,94.0,91,8,,,done,,done charging,1097.426477794035,,,514.5377300474307
Car 214,,,,,2,switch,,"Charger 2 (fid=307904) not available, trying Charger 3 (fid=307905)",1098.295747501656,3,,
Car 195,,,,,9,switch,,"Charger 9 (fid=3) not available, trying Charger 7 (fid=2)",1098.3619750764783,7,,
Car 215,,,,,2,switch,,"Charger 2 (fid=307904) not available, trying Charger 3 (fid=307905)",1098.3849346392208,3,,
Car 205,,,,,3,switch,,"Charger 3 (fid=307905) not available, trying Charger 6 (fid=1)",1098.8441551924652,6,,
Car 186,,,,,7,switch,,"Charger 7 (fid=2) not available, trying Charger 4 (fid=308108)",1098.9280103924978,4,,
Car 218,,,,36,,arrived,,arrived,1098.9899267226867,,,
Car 196,,,,,9,switch,,"Charger 9 (fid=3) not available, trying Charger 7 (fid=2)",1099.1476390631756,7,,
Car 208,,,,,3,switch,,"Charger 3 (fid=307905) not available, trying Charger 1 (fid=308702)",1099.182521336701,1,,
Car 219,,,,30,,arrived,,arrived,1099.5157884902987,,,
Car 192,,,,,7,switch,,"Charger 7 (fid=2) not available, trying Charger 4 (fid=308108)",1100.4060071753781,4,,
Car 203,,,,,1,switch,,"Charger 1 (fid=308702) not available, trying Charger 6 (fid=1)",1100.6205914957172,6,,
Car 189,,,,,7,switch,,"Charger 7 (fid=2) not available, trying Charger 4 (fid=308108)",1101.0398382643316,4,,
Car 179,95.0,3,9,,,done,,done charging,1101.7098811743315,,,259.51105596595494
Car 217,,,,,4,switch,,"Charger 4 (fid=308108) not available, trying Charger 6 (fid=1)",1101.9023633326572,6,,
Car 182,,,,,,gave_up,4,"no alternate charger available, gave up",1101.934706090441,,,
Car 211,,,,,5,switch,,"Charger 5 (fid=5) not available, trying Charger 0 (fid=308440)",1102.615215540339,0,,
Car 207,,,,,6,switch,,"Charger 6 (fid=1) not available, trying Charger 1 (fid=308702)",1102.794120858308,1,,
Car 220,,,,39,,arrived,,arrived,1102.864862021639,,,
Car 220,,3,9,,,start_charge,,starting to charge at Charger 9 (fid=3),1102.864862021639,,0.0,
Car 221,,,,8,,arrived,,arrived,1103.2985534355091,,,
Car 188,,,,,7,switch,,"Charger 7 (fid=2) not available, trying Charger 4 (fid=308108)",1103.3899035614909,4,,
Car 214,,,,,3,switch,,"Charger 3 (fid=307905) not available, trying Charger 6 (fid=1)",1103.5593736832202,6,,
Car 215,,,,,3,switch,,"Charger 3 (fid=307905) not available, trying Charger 6 (fid=1)",1103.648560820785,6,,
Car 222,,,,11,,arrived,,arrived,1103.8506727717236,,,
Car 218,,,,,0,switch,,"Charger 0 (fid=308440) not available, trying Charger 2 (fid=307904)",1103.9899267226867,2,,
Car 213,,,,,0,switch,,"Charger 0 (fid=308440) not available, trying Charger 5 (fid=5)",1104.399226086701,5,,
Car 219,,,,,0,switch,,"Charger 0 (fid=308440) not available, trying Charger 2 (fid=307904)",1104.5157884902987,2,,
Car 210,,,,,6,switch,,"Charger 6 (fid=1) not available, trying Charger 2 (fid=307904)",1104.8519905870166,2,,
Car 205,,,,,6,switch,,"Charger 6 (fid=1) not available, trying Charger 5 (fid=5)",1105.0503455854066,5,,
Car 223,,,,38,,arrived,,arrived,1105.147865425433,,,
Car 186,,,,,,gave_up,4,"no alternate charger available, gave up",1105.530794792457,,,
Car 212,,,,,6,switch,,"Charger 6 (fid=1) not available, trying Charger 2 (fid=307904)",1105.6249999052422,2,,
Car 206,,,,,1,switch,,"Charger 1 (fid=308702) not available, trying Charger 6 (fid=1)",1106.4340101878554,6,,
Car 224,,,,73,,arrived,,arrived,1106.456607882533,,,
Car 200,53.0,308440,0,,,done,,done charging,1106.58442399387,,,191.96654931790627
Car 222,,308440,0,,,start_charge,,starting to charge at Charger 0 (fid=308440),1106.58442399387,,2.7337512221463385,
Car 201,,,,,6,switch,,"Charger 6 (fid=1) not available, trying Charger 4 (fid=308108)",1106.9076873179029,4,,
Car 192,,,,,4,switch,,"Charger 4 (fid=308108) not available, trying Charger 5 (fid=5)",1107.0087915753375,5,,
Car 189,,,,,4,switch,,"Charger 4 (fid=308108) not available, trying Charger 8 (fid=91)",1107.642622664291,8,,
Car 194,,,,,7,switch,,"Charger 7 (fid=2) not available, trying Charger 4 (fid=308108)",1108.251128429545,4,,
Car 221,,,,,5,switch,,"Charger 5 (fid=5) not available, trying Charger 1 (fid=308702)",1108.2985534355091,1,,
Car 217,,,,,6,switch,,"Charger 6 (fid=1) not available, trying Charger 2 (fid=307904)",1109.7537428236167,2,,
Car 214,,,,,6,switch,,"Charger 6 (fid=1) not available, trying Charger 0 (fid=308440)",1109.7655640761616,0,,
Car 189,,91,8,,,start_charge,,starting to charge at Charger 8 (fid=91),1109.853034347372,,45.0,
Car 215,,,,,6,switch,,"Charger 6 (fid=1) not available, trying Charger 0 (fid=308440)",1109.8547512137263,0,,
Car 195,,,,,7,switch,,"Charger 7 (fid=2) not available, trying Charger 4 (fid=308108)",1109.8717612032551,4,,
Car 188,,,,,,gave_up,4,"no alternate charger available, gave up",1109.9926879614502,,,
Car 223,,,,,5,switch,,"Charger 5 (fid=5) not available, trying Charger 1 (fid=308702)",1110.147865425433,1,,
Car 196,,,,,7,switch,,"Charger 7 (fid=2) not available, trying Charger 4 (fid=308108)",1110.6574251899524,4,,
Car 208,,,,,1,switch,,"Charger 1 (fid=308702) not available, trying Charger 6 (fid=1)",1110.6866375464672,6,,
Car 210,,,,,2,switch,,"Charger 2 (fid=307904) not available, trying Charger 3 (fid=307905)",1111.0418441483373,3,,
Car 225,,,,28,,arrived,,arrived,1111.2160093986229,,,
Car 224,,,,,5,switch,,"Charger 5 (fid=5) not available, trying Charger 1 (fid=308702)",1111.456607882533,1,,
Car 226,,,,9,,arrived,,arrived,1111.525382418075,,,
Car 212,,,,,2,switch,,"Charger 2 (fid=307904) not available, trying Charger 3 (fid=307905)",1111.814853466563,3,,
Car 183,94.0,308702,1,,,done,,done charging,1111.973233672872,,,181.8598051237657
Car 207,,308702,1,,,start_charge,,starting to charge at Charger 1 (fid=308702),1111.973233672872,,22.315183012279476,
Car 203,,,,,6,switch,,"Charger 6 (fid=1) not available, trying Charger 4 (fid=308108)",1112.484521298002,4,,
Car 211,,,,,0,switch,,"Charger 0 (fid=308440) not available, trying Charger 2 (fid=307904)",1113.172398850806,2,,
Car 218,,,,,2,switch,,"Charger 2 (fid=307904) not available, trying Charger 3 (fid=307905)",1113.32641422158,3,,
Car 227,,,,38,,arrived,,arrived,1113.843430600412,,,
Car 219,,,,,2,switch,,"Charger 2 (fid=307904) not available, trying Charger 3 (fid=307905)",1113.852275989192,3,,
Car 228,,,,67,,arrived,,arrived,1114.1062089130592,,,
Car 229,,,,29,,arrived,,arrived,1114.134921753415,,,
Car 230,,,,10,,arrived,,arrived,1114.3417954466183,,,
Car 201,,,,,4,switch,,"Charger 4 (fid=308108) not available, trying Charger 2 (fid=307904)",1114.7590668088624,2,,
Car 194,,,,,4,switch,,"Charger 4 (fid=308108) not available, trying Charger 8 (fid=91)",1114.8539128295042,8,,
Car 213,,,,,5,switch,,"Charger 5 (fid=5) not available, trying Charger 2 (fid=307904)",1114.956409397168,2,,
Car 217,,,,,2,switch,,"Charger 2 (fid=307904) not available, trying Charger 3 (fid=307905)",1115.9435963849373,3,,
Car 225,,,,,1,switch,,"Charger 1 (fid=308702) not available, trying Charger 5 (fid=5)",1116.2160093986229,5,,
Car 210,,,,,3,switch,,"Charger 3 (fid=307905) not available, trying Charger 5 (fid=5)",1116.3054703299015,5,,
Car 195,,,,,4,switch,,"Charger 4 (fid=308108) not available, trying Charger 8 (fid=91)",1116.4745456032144,8,,
Car 226,,,,,5,switch,,"Charger 5 (fid=5) not available, trying Charger 9 (fid=3)",1116.525382418075,9,,
Car 221,,,,,1,switch,,"Charger 1 (fid=308702) not available, trying Charger 9 (fid=3)",1116.853666792929,9,,
Car 212,,,,,3,switch,,"Charger 3 (fid=307905) not available, trying Charger 4 (fid=308108)",1117.078479648127,4,,
Car 205,,,,,5,switch,,"Charger 5 (fid=5) not available, trying Charger 9 (fid=3)",1117.194038368449,9,,
Car 196,,,,,4,switch,,"Charger 4 (fid=308108) not available, trying Charger 8 (fid=91)",1117.2602095899117,8,,
Car 206,,,,,6,switch,,"Charger 6 (fid=1) not available, trying Charger 5 (fid=5)",1118.29793999014,5,,
Car 218,,,,,3,switch,,"Charger 3 (fid=307905) not available, trying Charger 6 (fid=1)",1118.5900404031443,6,,
Car 223,,,,,1,switch,,"Charger 1 (fid=308702) not available, trying Charger 0 (fid=308440)",1118.702978782853,0,,
Car 227,,,,,5,switch,,"Charger 5 (fid=5) not available, trying Charger 1 (fid=308702)",1118.843430600412,1,,
Car 228,,,,,1,switch,,"Charger 1 (fid=308702) not available, trying Charger 5 (fid=5)",1119.1062089130592,5,,
Car 219,,,,,3,switch,,"Charger 3 (fid=307905) not available, trying Charger 1 (fid=308702)",1119.1159021707563,1,,
Car 229,,,,,0,switch,,"Charger 0 (fid=308440) not available, trying Charger 2 (fid=307904)",1119.134921753415,2,,
Car 230,,,,,5,switch,,"Charger 5 (fid=5) not available, trying Charger 9 (fid=3)",1119.3417954466183,9,,
Car 192,,,,,,gave_up,5,"no alternate charger available, gave up",1119.8166174441862,,,
Car 224,,,,,1,switch,,"Charger 1 (fid=308702) not available, trying Charger 0 (fid=308440)",1120.011721239953,0,,
Car 214,,,,,0,switch,,"Charger 0 (fid=308440) not available, trying Charger 8 (fid=91)",1120.0446157864321,8,,
Car 215,,,,,0,switch,,"Charger 0 (fid=308440) not available, trying Charger 8 (fid=91)",1120.1338029239969,8,,
Car 203,,,,,4,switch,,"Charger 4 (fid=308108) not available, trying Charger 2 (fid=307904)",1120.3359007889615,2,,
Car 217,,,,,3,switch,,"Charger 3 (fid=307905) not available, trying Charger 9 (fid=3)",1121.2072225665015,9,,
Car 194,,,,,,gave_up,8,"no alternate charger available, gave up",1122.0643245125852,,,
Car 211,,,,,2,switch,,"Charger 2 (fid=307904) not available, trying Charger 3 (fid=307905)",1122.5088863496994,3,,
Car 208,,,,,6,switch,,"Charger 6 (fid=1) not available, trying Charger 9 (fid=3)",1122.5505673487519,9,,
Car 201,,,,,2,switch,,"Charger 2 (fid=307904) not available, trying Charger 3 (fid=307905)",1123.2651998234937,3,,
Car 195,,,,,,gave_up,8,"no alternate charger available, gave up",1123.6849572862955,,,
Car 196,,,,,,gave_up,8,"no alternate charger available, gave up",1124.4706212729927,,,
Car 225,,,,,5,switch,,"Charger 5 (fid=5) not available, trying Charger 0 (fid=308440)",1124.7711227560428,0,,
Car 218,,,,,6,switch,,"Charger 6 (fid=1) not available, trying Charger 1 (fid=308702)",1124.7962307960856,1,,
Car 212,,,,,4,switch,,"Charger 4 (fid=308108) not available, trying Charger 5 (fid=5)",1125.6009494943792,5,,
Car 223,,,,,0,switch,,"Charger 0 (fid=308440) not available, trying Charger 6 (fid=1)",1126.8134314102515,6,,
Car 180,112.0,2,7,,,done,,done charging,1126.838916686957,,,158.0758721899158
Car 213,,,,,2,switch,,"Charger 2 (fid=307904) not available, trying Charger 3 (fid=307905)",1127.1197162374692,3,,
Car 231,,,,77,,arrived,,arrived,1127.1850900970778,,,
Car 227,,,,,1,switch,,"Charger 1 (fid=308702) not available, trying Charger 0 (fid=308440)",1127.3985439578319,0,,
Car 228,,,,,5,switch,,"Charger 5 (fid=5) not available, trying Charger 0 (fid=308440)",1127.661322270479,0,,
Car 211,,,,,3,switch,,"Charger 3 (fid=307905) not available, trying Charger 6 (fid=1)",1127.7725125312636,6,,
Car 224,,,,,0,switch,,"Charger 0 (fid=308440) not available, trying Charger 9 (fid=3)",1128.1221738673514,9,,
Car 226,,,,,9,switch,,"Charger 9 (fid=3) not available, trying Charger 0 (fid=308440)",1128.320876088987,0,,
Car 229,,,,,2,switch,,"Charger 2 (fid=307904) not available, trying Charger 3 (fid=307905)",1128.4714092523084,3,,
Car 210,,,,,5,switch,,"Charger 5 (fid=5) not available, trying Charger 0 (fid=308440)",1128.4851140018234,0,,
Car 201,,,,,3,switch,,"Charger 3 (fid=307905) not available, trying Charger 7 (fid=2)",1128.528826005058,7,,
Car 203,,,,,2,switch,,"Charger 2 (fid=307904) not available, trying Charger 3 (fid=307905)",1128.8420338035928,3,,
Car 205,,,,,9,switch,,"Charger 9 (fid=3) not available, trying Charger 8 (fid=91)",1128.989532039361,8,,
Car 221,,,,,9,switch,,"Charger 9 (fid=3) not available, trying Charger 0 (fid=308440)",1129.7137365478181,0,,
Car 206,,,,,5,switch,,"Charger 5 (fid=5) not available, trying Charger 9 (fid=3)",1130.4416327731824,9,,
Car 204,56.0,308702,1,,,done,,done charging,1130.4669775865173,,,403.9345218681997
Car 219,,308702,1,,,start_charge,,starting to charge at Charger 1 (fid=308702),1130.4669775865173,,19.846959205994835,
Car 199,79.0,2,7,,,done,,done charging,1131.130067234696,,,151.01174745770555
Car 230,,,,,9,switch,,"Charger 9 (fid=3) not available, trying Charger 1 (fid=308702)",1131.1372891175304,1,,
Car 201,,2,7,,,start_charge,,starting to charge at Charger 7 (fid=2),1131.840267660708,,40.0,
Car 214,,,,,8,switch,,"Charger 8 (fid=91) not available, trying Charger 7 (fid=2)",1132.0454584836746,7,,
Car 215,,,,,8,switch,,"Charger 8 (fid=91) not available, trying Charger 7 (fid=2)",1132.1346456212393,7,,
Car 231,,,,,6,switch,,"Charger 6 (fid=1) not available, trying Charger 4 (fid=308108)",1132.1850900970778,4,,
Car 213,,,,,3,switch,,"Charger 3 (fid=307905) not available, trying Charger 6 (fid=1)",1132.3833424190334,6,,
Car 217,,,,,9,switch,,"Charger 9 (fid=3) not available, trying Charger 7 (fid=2)",1132.6707243404217,7,,
Car 208,,,,,9,switch,,"Charger 9 (fid=3) not available, trying Charger 8 (fid=91)",1133.3845334984721,8,,
Car 229,,,,,3,switch,,"Charger 3 (fid=307905) not available, trying Charger 6 (fid=1)",1133.7350354338726,6,,
Car 214,,2,7,,,start_charge,,starting to charge at Charger 7 (fid=2),1133.8724496707032,,25.0,
Car 211,,,,,6,switch,,"Charger 6 (fid=1) not available, trying Charger 9 (fid=3)",1133.978702924205,9,,
Car 203,,,,,3,switch,,"Charger 3 (fid=307905) not available, trying Charger 7 (fid=2)",1134.105659985157,7,,
Car 232,,,,45,,arrived,,arrived,1134.6348229613238,,,
Car 225,,,,,0,switch,,"Charger 0 (fid=308440) not available, trying Charger 2 (fid=307904)",1135.3283060665099,2,,
Car 227,,,,,0,switch,,"Charger 0 (fid=308440) not available, trying Charger 6 (fid=1)",1135.5089965852303,6,,
Car 218,,,,,1,switch,,"Charger 1 (fid=308702) not available, trying Charger 5 (fid=5)",1136.6601605983703,5,,
Car 223,,,,,6,switch,,"Charger 6 (fid=1) not available, trying Charger 2 (fid=307904)",1137.092483120522,2,,
Car 228,,,,,0,switch,,"Charger 0 (fid=308440) not available, trying Charger 2 (fid=307904)",1138.2185055809462,2,,
Car 212,,,,,5,switch,,"Charger 5 (fid=5) not available, trying Charger 0 (fid=308440)",1138.408775363228,0,,
Car 213,,,,,6,switch,,"Charger 6 (fid=1) not available, trying Charger 9 (fid=3)",1138.5895328119748,9,,
Car 215,,,,,7,switch,,"Charger 7 (fid=2) not available, trying Charger 4 (fid=308108)",1138.961636808268,4,,
Car 210,,,,,0,switch,,"Charger 0 (fid=308440) not available, trying Charger 4 (fid=308108)",1139.0422973122904,4,,
Car 191,74.0,1,6,,,done,,done charging,1139.0572063878853,,,654.4290813767066
Car 229,,1,6,,,start_charge,,starting to charge at Charger 6 (fid=1),1139.0572063878853,,19.11598056107141,
Car 232,,,,,9,switch,,"Charger 9 (fid=3) not available, trying Charger 6 (fid=1)",1139.6348229613238,6,,
Car 190,97.0,307904,2,,,done,,done charging,1139.8002520047605,,,332.99987493080835
Car 223,,307904,2,,,start_charge,,starting to charge at Charger 2 (fid=307904),1139.8002520047605,,21.517915322917816,
Car 224,,,,,9,switch,,"Charger 9 (fid=3) not available, trying Charger 6 (fid=1)",1139.9456265350411,6,,
Car 231,,,,,4,switch,,"Charger 4 (fid=308108) not available, trying Charger 2 (fid=307904)",1140.0364695880373,2,,
Car 226,,,,,0,switch,,"Charger 0 (fid=308440) not available, trying Charger 1 (fid=308702)",1140.1443287566767,1,,
Car 184,103.0,308108,4,,,done,,done charging,1140.3699609979492,,,495.83091423880484
Car 215,,308108,4,,,start_charge,,starting to charge at Charger 4 (fid=308108),1140.5644212082273,,30.0,
Car 205,,,,,8,switch,,"Charger 8 (fid=91) not available, trying Charger 7 (fid=2)",1141.1069454492595,7,,
Car 221,,,,,0,switch,,"Charger 0 (fid=308440) not available, trying Charger 6 (fid=1)",1141.5371892155079,6,,
Car 206,,,,,9,switch,,"Charger 9 (fid=3) not available, trying Charger 8 (fid=91)",1142.2371264440944,8,,
Car 233,,,,78,,arrived,,arrived,1142.3922865713562,,,
Car 203,,,,,7,switch,,"Charger 7 (fid=2) not available, trying Charger 8 (fid=91)",1142.417101640807,8,,
Car 209,61.0,91,8,,,done,,done charging,1142.8285428817626,,,72.94194377030513
Car 208,,91,8,,,start_charge,,starting to charge at Charger 8 (fid=91),1142.8285428817626,,32.32659597339193,
Car 234,,,,33,,arrived,,arrived,1143.6640343124807,,,
Car 230,,,,,1,switch,,"Charger 1 (fid=308702) not available, trying Charger 0 (fid=308440)",1143.9973588724195,0,,
Car 217,,,,,7,switch,,"Charger 7 (fid=2) not available, trying Charger 8 (fid=91)",1144.1805104671985,8,,
Car 225,,,,,2,switch,,"Charger 2 (fid=307904) not available, trying Charger 3 (fid=307905)",1144.6647935654032,3,,
Car 211,,,,,9,switch,,"Charger 9 (fid=3) not available, trying Charger 7 (fid=2)",1144.8126690739252,7,,
Car 218,,,,,5,switch,,"Charger 5 (fid=5) not available, trying Charger 9 (fid=3)",1145.2152739557903,9,,
Car 227,,,,,6,switch,,"Charger 6 (fid=1) not available, trying Charger 2 (fid=307904)",1145.7880482955009,2,,
Car 235,,,,47,,arrived,,arrived,1146.008776578485,,,
Car 216,52.0,5,5,,,done,,done charging,1146.420014125562,,,74.00372403072134
Car 233,,5,5,,,start_charge,,starting to charge at Charger 5 (fid=5),1146.420014125562,,4.02772755420574,
Car 236,,,,53,,arrived,,arrived,1146.8755368817751,,,
Car 187,81.0,307905,3,,,done,,done charging,1146.9172188642228,,,552.6725915774059
Car 225,,307905,3,,,start_charge,,starting to charge at Charger 3 (fid=307905),1146.9172188642228,,21.98879911725544,
Car 228,,,,,2,switch,,"Charger 2 (fid=307904) not available, trying Charger 3 (fid=307905)",1147.5549930798395,3,,
Car 205,,,,,7,switch,,"Charger 7 (fid=2) not available, trying Charger 4 (fid=308108)",1147.933936636288,4,,
Car 226,,,,,1,switch,,"Charger 1 (fid=308702) not available, trying Charger 6 (fid=1)",1148.2547813840752,6,,
Car 197,87.0,308108,4,,,done,,done charging,1148.2728377537178,,,197.66507202966858
Car 210,,308108,4,,,start_charge,,starting to charge at Charger 4 (fid=308108),1148.2728377537178,,31.86908139837965,
Car 231,,,,,2,switch,,"Charger 2 (fid=307904) not available, trying Charger 3 (fid=307905)",1148.5426026026687,3,,
Car 234,,,,,0,switch,,"Charger 0 (fid=308440) not available, trying Charger 2 (fid=307904)",1148.6640343124807,2,,
Car 212,,,,,0,switch,,"Charger 0 (fid=308440) not available, trying Charger 7 (fid=2)",1148.965958673695,7,,
Car 203,,,,,,gave_up,8,"no alternate charger available, gave up",1149.2440928278356,,,
Car 213,,,,,9,switch,,"Charger 9 (fid=3) not available, trying Charger 7 (fid=2)",1149.423498961695,7,,
Car 237,,,,66,,arrived,,arrived,1149.847714613488,,,
Car 232,,,,,6,switch,,"Charger 6 (fid=1) not available, trying Charger 2 (fid=307904)",1150.468789111044,2,,
Car 224,,,,,6,switch,,"Charger 6 (fid=1) not available, trying Charger 2 (fid=307904)",1150.7795926847614,2,,
Car 217,,,,,8,switch,,"Charger 8 (fid=91) not available, trying Charger 0 (fid=308440)",1151.007501654227,0,,
Car 235,,,,,1,switch,,"Charger 1 (fid=308702) not available, trying Charger 5 (fid=5)",1151.008776578485,5,,
Car 202,64.0,308440,0,,,done,,done charging,1151.257152931194,,,294.2211847152046
Car 230,,308440,0,,,start_charge,,starting to charge at Charger 0 (fid=308440),1151.257152931194,,19.149341431376115,
Car 221,,,,,6,switch,,"Charger 6 (fid=1) not available, trying Charger 4 (fid=308108)",1151.8162409257784,4,,
Car 236,,,,,4,switch,,"Charger 4 (fid=308108) not available, trying Charger 9 (fid=3)",1151.8755368817751,9,,
Car 227,,,,,2,switch,,"Charger 2 (fid=307904) not available, trying Charger 3 (fid=307905)",1151.9779018568215,3,,
Car 228,,,,,3,switch,,"Charger 3 (fid=307905) not available, trying Charger 6 (fid=1)",1152.8186192614037,6,,
Car 231,,,,,3,switch,,"Charger 3 (fid=307905) not available, trying Charger 9 (fid=3)",1153.8062287842329,9,,
Car 206,,,,,8,switch,,"Charger 8 (fid=91) not available, trying Charger 7 (fid=2)",1154.354539853993,7,,
Car 205,,,,,,gave_up,4,"no alternate charger available, gave up",1154.5367210362474,,,
Car 237,,,,,9,switch,,"Charger 9 (fid=3) not available, trying Charger 5 (fid=5)",1154.847714613488,5,,
Car 211,,,,,7,switch,,"Charger 7 (fid=2) not available, trying Charger 4 (fid=308108)",1156.322455200702,4,,
Car 232,,,,,2,switch,,"Charger 2 (fid=307904) not available, trying Charger 3 (fid=307905)",1156.6586426723647,3,,
Car 224,,,,,2,switch,,"Charger 2 (fid=307904) not available, trying Charger 3 (fid=307905)",1156.969446246082,3,,
Car 218,,,,,9,switch,,"Charger 9 (fid=3) not available, trying Charger 8 (fid=91)",1157.0107676267023,8,,
Car 227,,,,,3,switch,,"Charger 3 (fid=307905) not available, trying Charger 9 (fid=3)",1157.2415280383857,9,,
Car 234,,,,,2,switch,,"Charger 2 (fid=307904) not available, trying Charger 3 (fid=307905)",1158.000521811374,3,,
Car 228,,,,,6,switch,,"Charger 6 (fid=1) not available, trying Charger 9 (fid=3)",1159.024809654345,9,,
Car 235,,,,,5,switch,,"Charger 5 (fid=5) not available, trying Charger 0 (fid=308440)",1159.5638899359049,0,,
Car 221,,,,,4,switch,,"Charger 4 (fid=308108) not available, trying Charger 2 (fid=307904)",1159.667620416738,2,,
Car 220,57.0,3,9,,,done,,done charging,1159.864862021639,,,52.897065614166266
Car 236,,3,9,,,start_charge,,starting to charge at Charger 9 (fid=3),1159.864862021639,,7.036973228233592,
Car 226,,,,,6,switch,,"Charger 6 (fid=1) not available, trying Charger 4 (fid=308108)",1160.1187111863599,4,,
Car 213,,,,,7,switch,,"Charger 7 (fid=2) not available, trying Charger 4 (fid=308108)",1160.9332850884718,4,,
Car 212,,,,,7,switch,,"Charger 7 (fid=2) not available, trying Charger 1 (fid=308702)",1161.1424574062205,1,,
Car 206,,,,,7,switch,,"Charger 7 (fid=2) not available, trying Charger 4 (fid=308108)",1161.1815310410216,4,,
Car 232,,,,,3,switch,,"Charger 3 (fid=307905) not available, trying Charger 5 (fid=5)",1161.922268853929,5,,
Car 238,,,,55,,arrived,,arrived,1162.0569234768836,,,
Car 224,,,,,3,switch,,"Charger 3 (fid=307905) not available, trying Charger 4 (fid=308108)",1162.2330724276462,4,,
Car 239,,,,57,,arrived,,arrived,1162.3334429883507,,,
Car 211,,,,,4,switch,,"Charger 4 (fid=308108) not available, trying Charger 8 (fid=91)",1162.9252396006614,8,,
Car 217,,,,,0,switch,,"Charger 0 (fid=308440) not available, trying Charger 5 (fid=5)",1163.0083443514695,5,,
Car 240,,,,15,,arrived,,arrived,1163.0819249485173,,,
Car 234,,,,,3,switch,,"Charger 3 (fid=307905) not available, trying Charger 6 (fid=1)",1163.2641479929382,6,,
Car 231,,,,,9,switch,,"Charger 9 (fid=3) not available, trying Charger 7 (fid=2)",1165.269730558153,7,,
Car 237,,,,,5,switch,,"Charger 5 (fid=5) not available, trying Charger 6 (fid=1)",1166.6432082844,6,,
Car 238,,,,,0,switch,,"Charger 0 (fid=308440) not available, trying Charger 1 (fid=308702)",1167.0569234768836,1,,
Car 239,,,,,0,switch,,"Charger 0 (fid=308440) not available, trying Charger 1 (fid=308702)",1167.3334429883507,1,,
Car 213,,,,,4,switch,,"Charger 4 (fid=308108) not available, trying Charger 8 (fid=91)",1167.5360694884312,8,,
Car 206,,,,,,gave_up,4,"no alternate charger available, gave up",1167.784315440981,,,
Car 226,,,,,4,switch,,"Charger 4 (fid=308108) not available, trying Charger 2 (fid=307904)",1167.9700906773194,2,,
Car 240,,,,,0,switch,,"Charger 0 (fid=308440) not available, trying Charger 2 (fid=307904)",1168.0819249485173,2,,
Car 221,,,,,2,switch,,"Charger 2 (fid=307904) not available, trying Charger 3 (fid=307905)",1168.1737534313693,3,,
Car 227,,,,,9,switch,,"Charger 9 (fid=3) not available, trying Charger 7 (fid=2)",1168.7050298123058,7,,
Car 218,,,,,8,switch,,"Charger 8 (fid=91) not available, trying Charger 7 (fid=2)",1169.1281810366008,7,,
Car 234,,,,,6,switch,,"Charger 6 (fid=1) not available, trying Charger 1 (fid=308702)",1169.4703383858796,1,,
Car 228,,,,,9,switch,,"Charger 9 (fid=3) not available, trying Charger 7 (fid=2)",1169.8587758040653,7,,
Car 235,,,,,0,switch,,"Charger 0 (fid=308440) not available, trying Charger 2 (fid=307904)",1170.121073246372,2,,
Car 211,,,,,,gave_up,8,"no alternate charger available, gave up",1170.1356512837424,,,
Car 193,97.0,1,6,,,done,,done charging,1170.442656971528,,,501.89345689299336
Car 224,,,,,4,switch,,"Charger 4 (fid=308108) not available, trying Charger 7 (fid=2)",1170.7555422738983,7,,
Car 241,,,,37,,arrived,,arrived,1173.0635305568726,,,
Car 221,,,,,3,switch,,"Charger 3 (fid=307905) not available, trying Charger 7 (fid=2)",1173.4373796129335,7,,
Car 217,,,,,5,switch,,"Charger 5 (fid=5) not available, trying Charger 1 (fid=308702)",1173.5655276619366,1,,
Car 237,,1,6,,,start_charge,,starting to charge at Charger 6 (fid=1),1173.7869010674424,,10.0,
Car 232,,,,,5,switch,,"Charger 5 (fid=5) not available, trying Charger 0 (fid=308440)",1174.1019125258508,0,,
Car 212,,,,,1,switch,,"Charger 1 (fid=308702) not available, trying Charger 8 (fid=91)",1174.3555732259456,8,,
Car 198,120.0,3,9,,,done,,done charging,1174.5625677531,,,52.897065614166266
Car 213,,,,,,gave_up,8,"no alternate charger available, gave up",1174.7464811715122,,,
Car 238,,,,,1,switch,,"Charger 1 (fid=308702) not available, trying Charger 2 (fid=307904)",1175.167376104282,2,,
Car 239,,,,,1,switch,,"Charger 1 (fid=308702) not available, trying Charger 2 (fid=307904)",1175.4438956157492,2,,
Car 218,,,,,7,switch,,"Charger 7 (fid=2) not available, trying Charger 4 (fid=308108)",1175.9551722236295,4,,
Car 219,46.0,308702,1,,,done,,done charging,1176.4669775865173,,,344.4659776306252
Car 234,,308702,1,,,start_charge,,starting to charge at Charger 1 (fid=308702),1176.4669775865173,,20.132709398352972,
Car 226,,,,,2,switch,,"Charger 2 (fid=307904) not available, trying Charger 3 (fid=307905)",1176.4762236919507,3,,
Car 231,,,,,7,switch,,"Charger 7 (fid=2) not available, trying Charger 8 (fid=91)",1176.7795166849298,8,,
Car 224,,,,,7,switch,,"Charger 7 (fid=2) not available, trying Charger 8 (fid=91)",1177.3583266738576,8,,
Car 240,,,,,2,switch,,"Charger 2 (fid=307904) not available, trying Charger 3 (fid=307905)",1177.4184124474107,3,,
Car 242,,,,59,,arrived,,arrived,1177.5278686587505,,,
Car 241,,,,,5,switch,,"Charger 5 (fid=5) not available, trying Charger 1 (fid=308702)",1178.0635305568726,1,,
Car 243,,,,13,,arrived,,arrived,1178.7086040722993,,,
Car 235,,,,,2,switch,,"Charger 2 (fid=307904) not available, trying Charger 3 (fid=307905)",1179.4575607452653,3,,
Car 244,,,,30,,arrived,,arrived,1179.7245070947388,,,
Car 245,,,,71,,arrived,,arrived,1179.9935603969468,,,
Car 227,,,,,7,switch,,"Charger 7 (fid=2) not available, trying Charger 4 (fid=308108)",1180.2148159390827,4,,
Car 228,,,,,7,switch,,"Charger 7 (fid=2) not available, trying Charger 4 (fid=308108)",1181.3685619308421,4,,
Car 226,,,,,3,switch,,"Charger 3 (fid=307905) not available, trying Charger 7 (fid=2)",1181.739849873515,7,,
Car 221,,,,,7,switch,,"Charger 7 (fid=2) not available, trying Charger 8 (fid=91)",1181.7488212685835,8,,
Car 201,50.0,2,7,,,done,,done charging,1181.840267660708,,,568.4708666037637
Car 217,,,,,,gave_up,1,"no alternate charger available, gave up",1182.1206410193565,,,
Car 242,,,,,4,switch,,"Charger 4 (fid=308108) not available, trying Charger 7 (fid=2)",1182.5278686587505,7,,
Car 218,,,,,,gave_up,4,"no alternate charger available, gave up",1182.5579566235888,,,
Car 246,,,,20,,arrived,,arrived,1182.6626920135063,,,
Car 240,,,,,3,switch,,"Charger 3 (fid=307905) not available, trying Charger 6 (fid=1)",1182.6820386289749,6,,
Car 247,,,,61,,arrived,,arrived,1182.9823450298725,,,
Car 247,,3,9,,,start_charge,,starting to charge at Charger 9 (fid=3),1182.9823450298725,,0.0,
Car 231,,,,,8,switch,,"Charger 8 (fid=91) not available, trying Charger 5 (fid=5)",1183.6065078719585,5,,
Car 243,,,,,1,switch,,"Charger 1 (fid=308702) not available, trying Charger 0 (fid=308440)",1183.7086040722993,0,,
Car 242,,2,7,,,start_charge,,starting to charge at Charger 7 (fid=2),1184.1306530587099,,5.0,
Car 224,,,,,,gave_up,8,"no alternate charger available, gave up",1184.1853178608862,,,
Car 232,,,,,0,switch,,"Charger 0 (fid=308440) not available, trying Charger 4 (fid=308108)",1184.6590958363179,4,,
Car 235,,,,,3,switch,,"Charger 3 (fid=307905) not available, trying Charger 6 (fid=1)",1184.7211869268294,6,,
Car 244,,,,,0,switch,,"Charger 0 (fid=308440) not available, trying Charger 2 (fid=307904)",1184.7245070947388,2,,
Car 245,,,,,0,switch,,"Charger 0 (fid=308440) not available, trying Charger 1 (fid=308702)",1184.9935603969468,1,,
Car 248,,,,80,,arrived,,arrived,1185.5379362669112,,,
Car 241,,,,,1,switch,,"Charger 1 (fid=308702) not available, trying Charger 0 (fid=308440)",1186.6186439142925,0,,
Car 238,,,,,2,switch,,"Charger 2 (fid=307904) not available, trying Charger 3 (fid=307905)",1186.6551554824275,3,,
Car 227,,,,,4,switch,,"Charger 4 (fid=308108) not available, trying Charger 8 (fid=91)",1186.817600339042,8,,
Car 239,,,,,2,switch,,"Charger 2 (fid=307904) not available, trying Charger 3 (fid=307905)",1186.9316749938946,3,,
Car 246,,,,,0,switch,,"Charger 0 (fid=308440) not available, trying Charger 1 (fid=308702)",1187.6626920135063,1,,
Car 228,,,,,4,switch,,"Charger 4 (fid=308108) not available, trying Charger 8 (fid=91)",1187.9713463308015,8,,
Car 207,76.0,308702,1,,,done,,done charging,1187.973233672872,,,404.66409869391146
Car 245,,308702,1,,,start_charge,,starting to charge at Charger 1 (fid=308702),1188.1040130243452,,5.0,
Car 249,,,,60,,arrived,,arrived,1188.3154704017395,,,
Car 212,,,,,,gave_up,8,"no alternate charger available, gave up",1188.50770780244,,,
Car 221,,,,,,gave_up,8,"no alternate charger available, gave up",1188.575812455612,,,
Car 240,,,,,6,switch,,"Charger 6 (fid=1) not available, trying Charger 1 (fid=308702)",1188.8882290219162,1,,
Car 226,,,,,7,switch,,"Charger 7 (fid=2) not available, trying Charger 8 (fid=91)",1190.051291529165,8,,
Car 248,,,,,0,switch,,"Charger 0 (fid=308440) not available, trying Charger 2 (fid=307904)",1190.5379362669112,2,,
Car 235,,,,,6,switch,,"Charger 6 (fid=1) not available, trying Charger 9 (fid=3)",1190.9273773197708,9,,
Car 243,,,,,0,switch,,"Charger 0 (fid=308440) not available, trying Charger 5 (fid=5)",1191.8190566996977,5,,
Car 238,,,,,3,switch,,"Charger 3 (fid=307905) not available, trying Charger 5 (fid=5)",1191.9187816639917,5,,
Car 239,,,,,3,switch,,"Charger 3 (fid=307905) not available, trying Charger 5 (fid=5)",1192.1953011754588,5,,
Car 249,,,,,9,switch,,"Charger 9 (fid=3) not available, trying Charger 6 (fid=1)",1193.3154704017395,6,,
Car 189,84.0,91,8,,,done,,done charging,1193.853034347372,,,555.3007295051073
Car 227,,91,8,,,start_charge,,starting to charge at Charger 8 (fid=91),1193.853034347372,,49.82502232524894,
Car 225,47.0,307905,3,,,done,,done charging,1193.9172188642228,,,638.5159451612611
Car 244,,,,,2,switch,,"Charger 2 (fid=307904) not available, trying Charger 3 (fid=307905)",1194.0609945936321,3,,
Car 244,,307905,3,,,start_charge,,starting to charge at Charger 3 (fid=307905),1194.3246207751963,,10.0,
Car 241,,,,,0,switch,,"Charger 0 (fid=308440) not available, trying Charger 9 (fid=3)",1194.729096541691,9,,
Car 228,,,,,,gave_up,8,"no alternate charger available, gave up",1195.1817580138825,,,
Car 246,,,,,1,switch,,"Charger 1 (fid=308702) not available, trying Charger 2 (fid=307904)",1195.7731446409048,2,,
Car 226,,,,,,gave_up,8,"no alternate charger available, gave up",1196.8782827161936,,,
Car 232,,,,,4,switch,,"Charger 4 (fid=308108) not available, trying Charger 7 (fid=2)",1197.0205548793656,7,,
Car 231,,,,,5,switch,,"Charger 5 (fid=5) not available, trying Charger 0 (fid=308440)",1198.0530653186788,0,,
Car 250,,,,16,,arrived,,arrived,1198.3549659622058,,,
Car 222,92.0,308440,0,,,done,,done charging,1198.58442399387,,,247.88833037687752
Car 250,,308440,0,,,start_charge,,starting to charge at Charger 0 (fid=308440),1198.58442399387,,0.2294580316640804,
Car 251,,,,50,,arrived,,arrived,1199.8512319613058,,,
Car 248,,,,,2,switch,,"Charger 2 (fid=307904) not available, trying Charger 3 (fid=307905)",1199.8744237658045,3,,
Car 240,,,,,1,switch,,"Charger 1 (fid=308702) not available, trying Charger 9 (fid=3)",1200.752158824201,9,,
Car 235,,,,,9,switch,,"Charger 9 (fid=3) not available, trying Charger 7 (fid=2)",1201.761343469491,7,,
Car 252,,,,62,,arrived,,arrived,1201.9308539002584,,,
Car 243,,,,,5,switch,,"Charger 5 (fid=5) not available, trying Charger 2 (fid=307904)",1202.3762400101648,2,,
Car 223,63.0,307904,2,,,done,,done charging,1202.8002520047605,,,551.3117335033958
Car 246,,307904,2,,,start_charge,,starting to charge at Charger 2 (fid=307904),1202.8002520047605,,10.539327985710315,
Car 181,114.0,5,5,,,done,,done charging,1203.4523142657063,,,486.8161614487608
Car 238,,5,5,,,start_charge,,starting to charge at Charger 5 (fid=5),1203.4523142657063,,24.353888929792674,
Car 232,,,,,7,switch,,"Charger 7 (fid=2) not available, trying Charger 1 (fid=308702)",1203.623339279325,1,,
Car 249,,,,,6,switch,,"Charger 6 (fid=1) not available, trying Charger 2 (fid=307904)",1204.1494365514598,2,,
Car 239,,,,,5,switch,,"Charger 5 (fid=5) not available, trying Charger 6 (fid=1)",1204.3749448473807,6,,
Car 251,,,,,9,switch,,"Charger 9 (fid=3) not available, trying Charger 6 (fid=1)",1204.8512319613058,6,,
Car 248,,,,,3,switch,,"Charger 3 (fid=307905) not available, trying Charger 6 (fid=1)",1205.1380499473687,6,,
Car 241,,,,,9,switch,,"Charger 9 (fid=3) not available, trying Charger 6 (fid=1)",1206.5525492093807,6,,
Car 252,,,,,9,switch,,"Charger 9 (fid=3) not available, trying Charger 6 (fid=1)",1206.9308539002584,6,,
Car 231,,,,,0,switch,,"Charger 0 (fid=308440) not available, trying Charger 1 (fid=308702)",1208.6102486291459,1,,
Car 236,50.0,3,9,,,done,,done charging,1209.864862021639,,,288.70111992870534
Car 240,,3,9,,,start_charge,,starting to charge at Charger 9 (fid=3),1209.864862021639,,26.25263344254904,
Car 253,,,,65,,arrived,,arrived,1210.116722834294,,,
Car 249,,,,,2,switch,,"Charger 2 (fid=307904) not available, trying Charger 3 (fid=307905)",1210.3392901127804,3,,
Car 208,68.0,91,8,,,done,,done charging,1210.8285428817626,,,525.7411471673781
Car 248,,,,,6,switch,,"Charger 6 (fid=1) not available, trying Charger 1 (fid=308702)",1211.34424034031,1,,
Car 214,78.0,2,7,,,done,,done charging,1211.8724496707032,,,428.0589713289836
Car 235,,2,7,,,start_charge,,starting to charge at Charger 7 (fid=2),1211.8724496707032,,38.60132007443531,
Car 254,,,,34,,arrived,,arrived,1213.5346970395642,,,
Car 243,,,,,2,switch,,"Charger 2 (fid=307904) not available, trying Charger 3 (fid=307905)",1214.539546850466,3,,
Car 253,,,,,5,switch,,"Charger 5 (fid=5) not available, trying Charger 1 (fid=308702)",1215.116722834294,1,,
Car 249,,,,,3,switch,,"Charger 3 (fid=307905) not available, trying Charger 4 (fid=308108)",1215.6029162943446,4,,
Car 251,,,,,6,switch,,"Charger 6 (fid=1) not available, trying Charger 4 (fid=308108)",1215.685198111026,4,,
Car 239,,,,,6,switch,,"Charger 6 (fid=1) not available, trying Charger 9 (fid=3)",1216.518637630423,9,,
Car 231,,,,,,gave_up,1,"no alternate charger available, gave up",1216.7207012565443,,,
Car 232,,,,,1,switch,,"Charger 1 (fid=308702) not available, trying Charger 8 (fid=91)",1216.83645509905,8,,
Car 241,,,,,6,switch,,"Charger 6 (fid=1) not available, trying Charger 2 (fid=307904)",1217.386515359101,2,,
Car 255,,,,60,,arrived,,arrived,1217.6098891017048,,,
Car 252,,,,,6,switch,,"Charger 6 (fid=1) not available, trying Charger 2 (fid=307904)",1217.7648200499787,2,,
Car 254,,,,,1,switch,,"Charger 1 (fid=308702) not available, trying Charger 0 (fid=308440)",1218.5346970395642,0,,
Car 243,,,,,3,switch,,"Charger 3 (fid=307905) not available, trying Charger 6 (fid=1)",1219.8031730320301,6,,
Car 215,80.0,308108,4,,,done,,done charging,1220.5644212082273,,,556.1187974651863
Car 251,,308108,4,,,start_charge,,starting to charge at Charger 4 (fid=308108),1220.5644212082273,,12.027843606241731,
Car 255,,,,,9,switch,,"Charger 9 (fid=3) not available, trying Charger 6 (fid=1)",1222.6098891017048,6,,
Car 248,,,,,1,switch,,"Charger 1 (fid=308702) not available, trying Charger 9 (fid=3)",1223.2081701425948,9,,
Car 233,77.0,5,5,,,done,,done charging,1223.420014125562,,,300.57951438577317
Car 241,,,,,2,switch,,"Charger 2 (fid=307904) not available, trying Charger 3 (fid=307905)",1223.5763689204216,3,,
Car 253,,,,,1,switch,,"Charger 1 (fid=308702) not available, trying Charger 0 (fid=308440)",1223.671836191714,0,,
Car 252,,,,,2,switch,,"Charger 2 (fid=307904) not available, trying Charger 3 (fid=307905)",1223.9546736112993,3,,
Car 249,,,,,4,switch,,"Charger 4 (fid=308108) not available, trying Charger 5 (fid=5)",1224.1253861405967,5,,
Car 232,,91,8,,,start_charge,,starting to charge at Charger 8 (fid=91),1225.9885896755445,,45.0,
Car 243,,,,,6,switch,,"Charger 6 (fid=1) not available, trying Charger 9 (fid=3)",1226.0093634249715,9,,
Car 254,,,,,0,switch,,"Charger 0 (fid=308440) not available, trying Charger 5 (fid=5)",1226.6451496669627,5,,
Car 239,,,,,9,switch,,"Charger 9 (fid=3) not available, trying Charger 7 (fid=2)",1227.3526037801432,7,,
Car 256,,,,61,,arrived,,arrived,1228.2629326331464,,,
Car 241,,,,,3,switch,,"Charger 3 (fid=307905) not available, trying Charger 4 (fid=308108)",1228.8399951019858,4,,
Car 252,,,,,3,switch,,"Charger 3 (fid=307905) not available, trying Charger 5 (fid=5)",1229.2182997928635,5,,
Car 253,,,,,0,switch,,"Charger 0 (fid=308440) not available, trying Charger 9 (fid=3)",1231.7822888191124,9,,
Car 249,,5,5,,,start_charge,,starting to charge at Charger 5 (fid=5),1231.9332120094455,,25.0,
Car 257,,,,21,,arrived,,arrived,1232.5653542092987,,,
Car 256,,,,,9,switch,,"Charger 9 (fid=3) not available, trying Charger 6 (fid=1)",1233.2629326331464,6,,
Car 255,,,,,6,switch,,"Charger 6 (fid=1) not available, trying Charger 2 (fid=307904)",1233.443855251425,2,,
Car 258,,,,51,,arrived,,arrived,1233.918394753791,,,
Car 248,,,,,9,switch,,"Charger 9 (fid=3) not available, trying Charger 8 (fid=91)",1236.0682398974839,8,,
Car 243,,,,,9,switch,,"Charger 9 (fid=3) not available, trying Charger 8 (fid=91)",1236.8433295746918,8,,
Car 254,,,,,5,switch,,"Charger 5 (fid=5) not available, trying Charger 2 (fid=307904)",1237.2023329774297,2,,
Car 241,,,,,4,switch,,"Charger 4 (fid=308108) not available, trying Charger 7 (fid=2)",1237.3624649482379,7,,
Car 257,,,,,0,switch,,"Charger 0 (fid=308440) not available, trying Charger 1 (fid=308702)",1237.5653542092987,1,,
Car 239,,,,,7,switch,,"Charger 7 (fid=2) not available, trying Charger 4 (fid=308108)",1238.86238990692,4,,
Car 258,,,,,4,switch,,"Charger 4 (fid=308108) not available, trying Charger 6 (fid=1)",1238.918394753791,6,,
Car 255,,,,,2,switch,,"Charger 2 (fid=307904) not available, trying Charger 3 (fid=307905)",1239.6337088127457,3,,
Car 252,,,,,5,switch,,"Charger 5 (fid=5) not available, trying Charger 0 (fid=308440)",1241.3979434647854,0,,
Car 259,,,,85,,arrived,,arrived,1243.4488997936571,,,
Car 253,,,,,9,switch,,"Charger 9 (fid=3) not available, trying Charger 6 (fid=1)",1243.6057414868021,6,,
Car 241,,,,,7,switch,,"Charger 7 (fid=2) not available, trying Charger 8 (fid=91)",1243.9652493481972,8,,
Car 256,,,,,6,switch,,"Charger 6 (fid=1) not available, trying Charger 4 (fid=308108)",1244.0968987828667,4,,
Car 255,,,,,3,switch,,"Charger 3 (fid=307905) not available, trying Charger 4 (fid=308108)",1244.8973349943099,4,,
Car 229,106.0,1,6,,,done,,done charging,1245.0572063878853,,,313.4782744426984
Car 258,,1,6,,,start_charge,,starting to charge at Charger 6 (fid=1),1245.0572063878853,,8.287432143134765,
Car 239,,,,,4,switch,,"Charger 4 (fid=308108) not available, trying Charger 8 (fid=91)",1245.4651743068794,8,,
Car 257,,,,,1,switch,,"Charger 1 (fid=308702) not available, trying Charger 2 (fid=307904)",1245.6758068366971,2,,
Car 244,52.0,307905,3,,,done,,done charging,1246.3246207751963,,,268.2847676525753
Car 260,,,,54,,arrived,,arrived,1247.184467646559,,,
Car 248,,,,,8,switch,,"Charger 8 (fid=91) not available, trying Charger 7 (fid=2)",1248.1856533073824,7,,
Car 259,,,,,8,switch,,"Charger 8 (fid=91) not available, trying Charger 7 (fid=2)",1248.4488997936571,7,,
Car 238,45.0,5,5,,,done,,done charging,1248.4523142657063,,,342.8580855537417
Car 243,,,,,8,switch,,"Charger 8 (fid=91) not available, trying Charger 7 (fid=2)",1248.9607429845903,7,,
Car 247,66.0,3,9,,,done,,done charging,1248.9823450298725,,,140.0749914334876
Car 254,,,,,2,switch,,"Charger 2 (fid=307904) not available, trying Charger 3 (fid=307905)",1249.3656398177309,3,,
Car 254,,307905,3,,,start_charge,,starting to charge at Charger 3 (fid=307905),1249.629265999295,,20.0,
Car 237,76.0,1,6,,,done,,done charging,1249.7869010674424,,,502.14643433753474
Car 253,,1,6,,,start_charge,,starting to charge at Charger 6 (fid=1),1249.7869010674424,,20.347193430920015,
Car 241,,,,,,gave_up,8,"no alternate charger available, gave up",1250.7922405352258,,,
Car 210,103.0,308108,4,,,done,,done charging,1251.2728377537178,,,371.00062035496927
Car 256,,308108,4,,,start_charge,,starting to charge at Charger 4 (fid=308108),1251.2728377537178,,14.324559479891604,
Car 261,,,,33,,arrived,,arrived,1251.8533771002926,,,
Car 252,,,,,0,switch,,"Charger 0 (fid=308440) not available, trying Charger 4 (fid=308108)",1251.9551267752524,4,,
Car 260,,,,,0,switch,,"Charger 0 (fid=308440) not available, trying Charger 1 (fid=308702)",1252.184467646559,1,,
Car 239,,,,,,gave_up,8,"no alternate charger available, gave up",1252.6755859899604,,,
Car 255,,,,,4,switch,,"Charger 4 (fid=308108) not available, trying Charger 5 (fid=5)",1253.419804840562,5,,
Car 248,,,,,7,switch,,"Charger 7 (fid=2) not available, trying Charger 5 (fid=5)",1255.012644494411,5,,
Car 242,71.0,2,7,,,done,,done charging,1255.1306530587099,,,212.56086947731495
Car 259,,2,7,,,start_charge,,starting to charge at Charger 7 (fid=2),1255.1306530587099,,9.854762078024123,
Car 262,,,,73,,arrived,,arrived,1255.3367306073387,,,
Car 262,,5,5,,,start_charge,,starting to charge at Charger 5 (fid=5),1255.3367306073387,,0.0,
Car 243,,,,,7,switch,,"Charger 7 (fid=2) not available, trying Charger 4 (fid=308108)",1255.787734171619,4,,
Car 261,,,,,0,switch,,"Charger 0 (fid=308440) not available, trying Charger 2 (fid=307904)",1256.8533771002926,2,,
Car 257,,,,,2,switch,,"Charger 2 (fid=307904) not available, trying Charger 3 (fid=307905)",1257.1635862148426,3,,
Car 230,106.0,308440,0,,,done,,done charging,1257.257152931194,,,475.1967713755742
Car 260,,,,,1,switch,,"Charger 1 (fid=308702) not available, trying Charger 5 (fid=5)",1260.2949202739574,5,,
Car 243,,,,,,gave_up,4,"no alternate charger available, gave up",1262.3905185715782,,,
Car 257,,,,,3,switch,,"Charger 3 (fid=307905) not available, trying Charger 6 (fid=1)",1262.4272123964067,6,,
Car 263,,,,118,,arrived,,arrived,1263.0007681327877,,,
Car 252,,,,,4,switch,,"Charger 4 (fid=308108) not available, trying Charger 7 (fid=2)",1264.3165858183002,7,,
Car 234,89.0,308702,1,,,done,,done charging,1265.4669775865173,,,376.13325715414004
Car 261,,,,,2,switch,,"Charger 2 (fid=307904) not available, trying Charger 3 (fid=307905)",1266.189864599186,3,,
Car 255,,,,,5,switch,,"Charger 5 (fid=5) not available, trying Charger 0 (fid=308440)",1266.2276307094107,0,,
Car 264,,,,42,,arrived,,arrived,1266.7334178247838,,,
Car 264,,308702,1,,,start_charge,,starting to charge at Charger 1 (fid=308702),1266.7334178247838,,0.0,
Car 265,,,,26,,arrived,,arrived,1267.2035036793616,,,
Car 263,,,,,2,switch,,"Charger 2 (fid=307904) not available, trying Charger 3 (fid=307905)",1268.0007681327877,3,,
Car 248,,,,,5,switch,,"Charger 5 (fid=5) not available, trying Charger 4 (fid=308108)",1268.5055232948937,4,,
Car 257,,,,,6,switch,,"Charger 6 (fid=1) not available, trying Charger 5 (fid=5)",1268.633402789348,5,,
Car 260,,,,,5,switch,,"Charger 5 (fid=5) not available, trying Charger 2 (fid=307904)",1268.8500336313773,2,,
Car 252,,,,,7,switch,,"Charger 7 (fid=2) not available, trying Charger 1 (fid=308702)",1270.9193702182595,1,,
Car 245,83.0,308702,1,,,done,,done charging,1271.1040130243452,,,311.8687230991785
Car 265,,308702,1,,,start_charge,,starting to charge at Charger 1 (fid=308702),1271.1040130243452,,3.900509344983675,
Car 261,,,,,3,switch,,"Charger 3 (fid=307905) not available, trying Charger 6 (fid=1)",1271.4534907807501,6,,
Car 255,,308440,0,,,start_charge,,starting to charge at Charger 0 (fid=308440),1271.7848140198778,,30.0,
Car 263,,,,,3,switch,,"Charger 3 (fid=307905) not available, trying Charger 6 (fid=1)",1273.2643943143519,6,,
Car 261,,,,,6,switch,,"Charger 6 (fid=1) not available, trying Charger 1 (fid=308702)",1277.6596811736915,1,,
Car 263,,,,,6,switch,,"Charger 6 (fid=1) not available, trying Charger 0 (fid=308440)",1279.4705847072933,0,,
Car 257,,,,,5,switch,,"Charger 5 (fid=5) not available, trying Charger 9 (fid=3)",1280.7770955723904,9,,
Car 260,,,,,2,switch,,"Charger 2 (fid=307904) not available, trying Charger 3 (fid=307905)",1281.0133404716785,3,,
Car 248,,,,,,gave_up,4,"no alternate charger available, gave up",1281.3133491637425,,,
Car 252,,,,,1,switch,,"Charger 1 (fid=308702) not available, trying Charger 8 (fid=91)",1284.1324860379846,8,,
Car 260,,,,,3,switch,,"Charger 3 (fid=307905) not available, trying Charger 6 (fid=1)",1286.2769666532427,6,,
Car 240,77.0,3,9,,,done,,done charging,1286.864862021639,,,445.8648380438573
Car 257,,3,9,,,start_charge,,starting to charge at Charger 9 (fid=3),1287.5725892433024,,30.0,
Car 250,89.0,308440,0,,,done,,done charging,1287.58442399387,,,203.64786556725295
Car 263,,308440,0,,,start_charge,,starting to charge at Charger 0 (fid=308440),1287.58442399387,,17.8347875763061,
Car 261,,,,,1,switch,,"Charger 1 (fid=308702) not available, trying Charger 5 (fid=5)",1289.5236109759762,5,,
Car 235,79.0,2,7,,,done,,done charging,1290.8724496707032,,,737.5473174742798
Car 232,66.0,91,8,,,done,,done charging,1291.9885896755445,,,500.49284642330423
Car 260,,,,,6,switch,,"Charger 6 (fid=1) not available, trying Charger 9 (fid=3)",1292.483157046184,9,,
Car 252,,91,8,,,start_charge,,starting to charge at Charger 8 (fid=91),1293.284620614479,,45.0,
Car 251,73.0,308108,4,,,done,,done charging,1293.5644212082273,,,343.9023204186844
Car 246,92.0,307904,2,,,done,,done charging,1294.8002520047605,,,369.0131512185513
Car 227,102.0,91,8,,,done,,done charging,1295.853034347372,,,752.374167151222
Car 258,52.0,1,6,,,done,,done charging,1297.0572063878853,,,242.15229489157974
Car 261,,,,,5,switch,,"Charger 5 (fid=5) not available, trying Charger 9 (fid=3)",1298.0787243333962,9,,
Car 260,,3,9,,,start_charge,,starting to charge at Charger 9 (fid=3),1298.3171231959043,,30.0,
Car 266,,,,64,,arrived,,arrived,1299.6815091839144,,,
Car 266,,2,7,,,start_charge,,starting to charge at Charger 7 (fid=2),1299.6815091839144,,0.0,
Car 267,,,,81,,arrived,,arrived,1300.5562122135666,,,
Car 267,,307904,2,,,start_charge,,starting to charge at Charger 2 (fid=307904),1300.5562122135666,,0.0,
Car 268,,,,6,,arrived,,arrived,1305.0067953053556,,,
Car 268,,1,6,,,start_charge,,starting to charge at Charger 6 (fid=1),1305.0067953053556,,0.0,
Car 254,56.0,307905,3,,,done,,done charging,1305.629265999295,,,578.3350246803063
Car 253,60.0,1,6,,,done,,done charging,1309.7869010674424,,,606.6415033856701
Car 261,,,,,9,switch,,"Charger 9 (fid=3) not available, trying Charger 8 (fid=91)",1309.8742180043082,8,,
Car 269,,,,6,,arrived,,arrived,1315.188049538607,,,
Car 269,,1,6,,,start_charge,,starting to charge at Charger 6 (fid=1),1315.188049538607,,0.0,
Car 261,,91,8,,,start_charge,,starting to charge at Charger 8 (fid=91),1316.9916314142067,,35.0,
Car 270,,,,55,,arrived,,arrived,1318.9949240585277,,,
Car 249,90.0,5,5,,,done,,done charging,1321.9332120094455,,,383.50686167662786
Car 256,71.0,308108,4,,,done,,done charging,1322.2728377537178,,,441.1413275065181
Car 255,51.0,308440,0,,,done,,done charging,1322.7848140198778,,,385.49869983700125
Car 270,,308440,0,,,start_charge,,starting to charge at Charger 0 (fid=308440),1322.7848140198778,,3.789889961350127,
Car 271,,,,69,,arrived,,arrived,1332.128500707067,,,
Car 265,65.0,308702,1,,,done,,done charging,1336.1040130243452,,,159.23095758523112
Car 271,,,,,0,switch,,"Charger 0 (fid=308440) not available, trying Charger 1 (fid=308702)",1337.128500707067,1,,
Car 272,,,,1,,arrived,,arrived,1337.2215875636143,,,
Car 271,,308702,1,,,start_charge,,starting to charge at Charger 1 (fid=308702),1340.2389533344654,,5.0,
Car 272,,,,,6,switch,,"Charger 6 (fid=1) not available, trying Charger 2 (fid=307904)",1342.2215875636143,2,,
Car 263,57.0,308440,0,,,done,,done charging,1344.58442399387,,,373.28940317953266
Car 273,,,,72,,arrived,,arrived,1346.6023458087195,,,
Car 273,,308440,0,,,start_charge,,starting to charge at Charger 0 (fid=308440),1346.6023458087195,,0.0,
Car 272,,,,,2,switch,,"Charger 2 (fid=307904) not available, trying Charger 3 (fid=307905)",1348.411441124935,3,,
Car 272,,307905,3,,,start_charge,,starting to charge at Charger 3 (fid=307905),1348.6750673064992,,10.0,
Car 266,52.0,2,7,,,done,,done charging,1351.6815091839144,,,151.01174745770555
Car 262,99.0,5,5,,,done,,done charging,1354.3367306073387,,,205.3404214863495
Car 274,,,,39,,arrived,,arrived,1359.0578805096397,,,
Car 275,,,,71,,arrived,,arrived,1363.7664053255303,,,
Car 274,,,,,9,switch,,"Charger 9 (fid=3) not available, trying Charger 6 (fid=1)",1364.0578805096397,6,,
Car 259,109.0,2,7,,,done,,done charging,1364.1306530587099,,,169.6269529321824
Car 257,79.0,3,9,,,done,,done charging,1366.5725892433024,,,581.2208655466902
Car 275,,,,,0,switch,,"Charger 0 (fid=308440) not available, trying Charger 1 (fid=308702)",1368.7664053255303,1,,
Car 276,,,,73,,arrived,,arrived,1371.5561948661266,,,
Car 276,,5,5,,,start_charge,,starting to charge at Charger 5 (fid=5),1371.5561948661266,,0.0,
Car 269,59.0,1,6,,,done,,done charging,1374.188049538607,,,276.27973460902035
Car 274,,1,6,,,start_charge,,starting to charge at Charger 6 (fid=1),1374.188049538607,,9.296202879246948,
Car 260,77.0,3,9,,,done,,done charging,1375.3171231959043,,,483.6930167874318
Car 275,,,,,1,switch,,"Charger 1 (fid=308702) not available, trying Charger 2 (fid=307904)",1376.8768579529287,2,,
Car 264,114.0,308702,1,,,done,,done charging,1380.7334178247838,,,76.21854080028722
Car 267,85.0,307904,2,,,done,,done charging,1385.5562122135666,,,124.45416328470122
Car 275,,307904,2,,,start_charge,,starting to charge at Charger 2 (fid=307904),1385.5562122135666,,12.191574882492432,
Car 277,,,,78,,arrived,,arrived,1392.8374977161661,,,
Car 277,,5,5,,,start_charge,,starting to charge at Charger 5 (fid=5),1392.8374977161661,,0.0,
Car 271,67.0,308702,1,,,done,,done charging,1407.2389533344654,,,267.3514043724375
Car 261,91.0,91,8,,,done,,done charging,1407.9916314142067,,,464.1805500963003
Car 252,115.0,91,8,,,done,,done charging,1408.284620614479,,,507.50696079167557
Car 268,109.0,1,6,,,done,,done charging,1414.0067953053556,,,276.27973460902035
Car 270,100.0,308440,0,,,done,,done charging,1422.7848140198778,,,147.43537004618995
Car 276,54.0,5,5,,,done,,done charging,1425.5561948661266,,,205.3404214863495
Car 273,79.0,308440,0,,,done,,done charging,1425.6023458087195,,,99.33725130193227
Car 278,,,,73,,arrived,,arrived,1426.7286589155783,,,
Car 278,,5,5,,,start_charge,,starting to charge at Charger 5 (fid=5),1426.7286589155783,,0.0,
Car 279,,,,25,,arrived,,arrived,1427.2525882622836,,,
Car 279,,308440,0,,,start_charge,,starting to charge at Charger 0 (fid=308440),1427.2525882622836,,0.0,
Car 272,90.0,307905,3,,,done,,done charging,1438.6750673064992,,,100.47565973201277
